438 463 329 150 133 143 26 374 245 409 45 76 24 268 256 457 130 362 398 156 172 109 12 60 14 283 453 161 390 182 467 152 317 22 251 381 344 110 435 128 480 208 349 303 393 165 47 75 229 48 269 398 319 278 243 100 402 282 31 257 360 114 241 253 331 338 261 337 294 199 189 281 283 171 40 258 40 190 254 10 419 256 185 166 54 158 267 60 315 13 149 132 201 155 239 148 183 187 153 334 
336 83 198 265 319 372 226 380 32 456 429 298 407 176 422 19 425 27 170 38 36 279 442 87 130 407 37 494 157 213 490 409 481 148 256 151 259 149 215 402 169 93 244 186 17 370 260 42 406 383 422 346 161 252 157 250 225 191 99 290 313 124 35 390 170 232 244 188 355 204 87 311 143 378 187 27 82 228 483 39 403 168 115 169 62 437 207 236 329 311 45 242 292 228 93 128 269 385 198 495 
404 111 122 388 379 340 169 80 281 208 378 141 284 276 195 63 228 168 8 222 410 252 42 198 9 433 168 268 112 145 5 369 245 237 139 133 156 453 456 13 34 365 471 236 39 117 493 259 118 114 248 103 365 212 415 379 229 176 35 442 422 227 174 209 298 281 159 141 22 142 162 368 146 355 484 237 394 249 424 397 345 311 350 336 285 377 108 413 454 295 172 341 120 62 298 92 27 81 242 497 
114 316 292 91 428 166 450 80 464 479 61 259 223 56 440 400 226 109 149 335 74 427 93 145 285 68 391 270 441 232 416 40 299 98 469 74 236 81 100 224 330 63 328 226 454 315 180 300 333 258 489 322 217 309 51 327 229 340 285 98 127 234 176 438 141 23 135 46 274 22 172 154 195 437 268 165 246 86 471 296 285 119 166 457 89 7 498 383 353 458 238 341 182 383 24 45 97 149 152 411 
255 473 136 378 31 325 11 274 385 231 181 171 350 203 298 197 444 423 426 100 91 218 52 170 317 343 498 343 50 211 5 212 470 248 469 159 131 327 339 429 205 448 181 1 296 240 198 441 114 56 295 487 237 328 457 166 252 74 339 0 348 393 494 401 24 264 383 321 321 63 425 379 349 228 349 120 16 405 226 194 473 237 300 379 279 284 31 12 19 137 255 13 231 131 75 340 295 269 326 178 
287 333 221 316 238 198 27 149 134 90 398 136 175 364 178 369 168 459 439 105 499 458 494 366 404 308 323 259 14 343 482 63 177 421 407 35 139 320 332 239 396 403 81 86 219 432 329 37 480 11 268 212 43 30 271 102 230 491 400 298 414 399 74 142 66 292 175 241 96 349 348 256 52 400 264 4 382 37 461 58 255 13 424 206 387 142 307 485 2 225 120 274 45 179 259 31 422 392 176 313 
466 177 162 432 205 389 323 260 251 107 250 60 194 290 197 171 276 484 290 377 439 7 384 338 70 297 465 406 213 387 111 4 416 492 332 184 423 322 218 359 226 134 107 0 228 308 268 330 301 46 448 87 457 85 248 355 125 391 88 198 264 387 336 474 158 82 220 24 471 172 29 488 483 210 449 54 145 57 401 12 26 414 209 258 400 387 83 61 427 7 64 399 130 454 291 22 216 335 87 451 
272 321 224 201 315 27 429 457 466 471 480 488 436 242 236 248 273 22 187 99 38 483 28 490 259 398 340 88 159 203 37 222 411 174 390 194 485 73 432 238 102 204 44 403 218 49 235 13 275 116 170 218 33 225 122 475 332 445 394 57 366 239 70 152 434 280 468 340 142 472 353 145 429 319 451 308 408 150 340 462 34 211 301 145 25 272 488 381 383 70 291 149 29 57 494 46 319 473 250 383 
440 413 87 485 252 435 443 396 123 267 228 63 339 365 432 177 248 496 239 297 451 428 181 295 385 410 352 35 202 467 184 474 349 146 461 322 266 282 385 35 218 379 311 39 441 16 303 54 441 297 490 298 461 393 141 264 481 79 389 472 145 225 301 442 149 293 380 13 131 107 29 232 397 334 468 175 252 154 41 155 389 479 131 485 39 88 62 268 409 442 389 268 178 462 23 218 162 304 448 438 
167 374 442 332 176 80 317 474 113 149 324 268 455 142 212 249 200 49 226 158 74 17 104 57 452 272 120 411 26 197 237 464 159 227 118 426 116 129 280 1 58 388 286 54 315 486 130 471 461 28 67 390 423 346 22 296 120 34 485 268 457 86 126 20 282 26 363 443 52 93 178 343 18 439 344 349 189 43 445 359 193 493 302 401 252 307 402 471 189 272 398 178 409 421 161 289 409 115 142 218 
401 149 175 345 150 354 337 360 74 445 489 340 232 165 339 463 98 179 205 286 399 298 223 205 456 249 424 248 70 286 271 496 157 339 330 375 240 97 459 204 81 389 330 403 110 406 170 255 344 234 431 273 382 300 479 16 213 450 4 361 31 280 418 161 94 272 245 92 303 420 252 172 62 401 39 291 252 333 407 134 418 416 48 218 271 254 3 491 73 468 189 151 412 51 138 4 260 157 290 413 
248 487 381 393 486 378 157 273 45 279 49 59 61 464 224 168 17 280 287 80 239 347 38 166 332 40 376 457 317 264 2 45 445 410 434 475 60 281 265 140 37 254 449 435 287 184 470 457 109 250 443 208 263 231 81 176 35 136 124 93 439 467 493 185 161 285 11 361 108 400 104 477 205 255 311 37 194 248 428 213 390 20 167 142 438 96 384 310 229 173 66 160 378 236 75 88 353 192 172 172 
463 397 497 356 220 227 227 50 190 426 312 286 168 323 79 88 402 214 448 119 51 205 202 277 428 341 27 499 411 124 60 399 36 191 194 408 182 329 141 298 458 287 307 81 179 445 78 358 341 493 313 12 295 499 188 473 199 185 403 490 418 55 173 210 283 141 489 253 352 204 384 244 30 499 64 301 320 319 25 441 483 405 219 392 188 38 495 416 342 235 25 120 118 179 125 183 241 369 104 73 
417 410 141 297 178 330 241 363 450 130 328 233 135 255 445 413 415 256 288 217 54 25 150 437 452 402 189 496 185 94 304 301 29 22 216 468 291 113 264 250 89 241 51 1 381 213 205 23 326 68 279 56 378 186 306 354 251 314 452 273 43 404 357 132 232 260 33 410 300 314 31 464 150 231 377 421 385 480 285 463 160 70 68 326 134 218 24 199 79 254 160 11 447 183 462 316 35 364 368 218 
145 395 404 265 312 434 308 79 356 393 370 461 426 74 143 59 419 417 74 431 161 241 139 346 414 415 360 93 105 486 385 93 383 254 55 474 111 93 34 197 277 119 451 36 219 144 75 390 443 179 422 195 379 13 374 357 467 184 260 496 39 298 367 179 77 53 322 363 279 435 64 139 480 121 258 233 367 488 93 168 428 232 77 195 48 289 165 460 443 406 408 81 92 384 451 223 139 319 79 299 
477 138 26 446 109 1 485 119 358 334 241 344 174 137 51 426 209 201 4 17 257 294 216 427 20 44 393 150 490 411 440 139 328 93 436 298 49 386 334 287 109 90 255 279 24 52 287 372 32 169 162 293 333 462 406 138 167 62 301 255 129 291 19 30 349 408 161 478 300 307 239 85 267 381 151 9 366 470 39 310 380 489 337 395 211 55 164 76 378 171 438 10 368 482 133 109 251 139 190 214 
136 94 140 384 301 45 368 173 168 216 489 40 314 477 343 137 440 86 148 122 156 49 154 29 295 340 369 340 406 95 131 143 415 406 215 384 481 139 468 319 175 444 130 385 284 397 313 207 147 397 320 491 397 361 415 330 347 321 321 406 150 226 480 273 36 271 142 471 169 400 325 441 210 412 118 194 476 193 303 202 468 398 308 77 498 220 78 305 235 481 47 51 212 5 49 252 408 245 71 390 
189 82 240 364 141 438 417 302 234 62 452 90 156 363 282 140 210 452 119 23 216 440 112 8 283 316 306 403 53 289 152 344 59 87 364 363 149 444 458 142 25 146 290 246 6 366 145 125 285 103 329 156 125 150 84 337 447 64 70 190 309 157 42 91 193 66 435 79 189 449 179 98 353 270 195 491 322 382 36 340 332 396 194 355 342 164 463 49 253 63 318 450 484 438 364 415 198 118 343 67 
65 268 214 113 42 279 400 248 256 379 332 44 458 306 244 73 291 96 92 253 176 347 306 463 305 88 248 357 147 329 101 17 357 87 240 424 185 427 61 82 237 496 413 58 163 259 168 9 209 199 213 277 352 430 250 380 436 360 324 480 235 194 37 65 458 189 168 218 497 224 382 233 309 403 163 457 376 126 6 164 411 22 104 8 114 46 449 493 193 104 461 142 354 461 403 417 303 154 380 47 
390 321 490 312 218 135 165 378 219 495 186 249 489 175 50 90 453 70 289 272 133 310 263 220 361 94 35 218 409 394 258 417 472 389 331 375 366 60 45 409 211 170 487 385 348 176 35 156 289 433 308 55 427 456 302 84 2 469 424 294 67 225 424 390 244 318 271 83 160 110 125 233 365 171 43 28 435 67 314 434 275 213 399 90 219 428 458 162 224 214 379 73 417 223 268 54 438 175 495 4 
52 86 2 254 323 466 140 345 10 494 381 139 418 469 342 266 37 441 42 138 128 173 96 123 339 333 383 486 176 476 74 113 75 82 275 205 152 239 383 108 414 432 230 244 458 209 1 414 418 274 139 486 284 370 391 223 62 97 400 90 12 257 202 27 304 331 478 270 384 391 299 266 493 225 58 12 295 193 127 436 478 273 301 441 419 82 468 489 125 356 385 489 193 198 189 269 360 130 450 496 
212 268 2 139 446 281 101 464 258 93 93 441 107 185 352 257 421 495 347 446 344 319 440 367 164 231 200 4 441 69 230 116 255 203 454 491 474 72 331 448 370 65 124 183 47 54 84 215 143 282 471 294 348 292 138 166 223 236 287 36 61 377 131 189 62 209 277 456 399 438 419 263 48 213 61 286 277 220 292 386 364 100 369 372 344 113 55 347 208 310 354 112 472 115 165 32 375 48 173 277 
48 51 78 37 438 358 139 50 162 195 277 62 256 15 189 393 316 20 271 169 43 495 157 316 40 174 151 485 100 398 2 172 62 379 257 119 351 302 441 413 304 19 39 401 456 349 467 12 61 283 333 410 383 88 375 410 447 241 111 179 68 185 442 465 391 62 101 185 484 298 402 190 390 333 118 241 295 137 54 222 186 37 26 70 44 30 238 59 112 410 31 467 308 19 324 354 301 464 301 166 
3 11 347 367 413 339 22 482 461 326 227 226 343 249 175 478 38 279 396 74 340 68 172 296 43 259 331 244 100 390 280 251 267 159 452 341 183 378 263 317 411 350 347 101 497 221 266 218 38 477 318 169 406 167 66 335 389 409 268 418 139 170 161 152 28 72 49 147 247 87 320 194 492 392 428 295 423 352 131 165 143 478 127 164 238 295 177 43 391 261 327 25 82 469 377 372 3 133 18 193 
305 432 446 316 444 48 34 467 173 106 0 184 149 356 301 360 469 336 8 173 56 250 16 128 173 52 292 439 66 101 430 65 298 251 361 447 7 398 423 113 379 279 139 198 48 130 434 357 345 310 33 196 52 334 498 229 201 49 42 138 24 26 174 485 477 210 57 73 278 202 165 139 486 267 54 120 189 71 475 2 161 497 458 145 475 381 58 436 460 390 267 277 106 99 258 85 406 275 225 271 
120 472 222 390 213 334 251 153 188 365 296 211 18 349 264 112 350 241 333 498 365 66 306 223 474 264 346 138 230 276 331 344 254 400 172 321 129 5 438 294 51 411 49 346 298 310 131 140 164 483 76 339 369 472 308 65 251 181 186 55 331 379 341 114 94 162 448 58 272 206 133 27 216 93 309 136 192 264 278 334 262 123 166 290 438 302 317 450 454 190 377 158 248 347 192 465 255 382 101 333 
104 430 283 359 278 11 274 260 240 88 395 53 254 393 98 288 383 79 221 283 294 347 444 172 218 240 56 2 6 401 341 91 289 234 339 127 298 445 490 460 491 60 136 486 110 242 219 444 329 159 340 491 143 192 228 467 331 254 108 425 85 5 422 380 105 40 294 118 262 159 358 228 304 490 430 4 262 64 266 279 175 266 497 295 337 213 454 283 22 113 30 385 119 200 25 387 110 338 72 181 
320 366 166 357 351 320 477 344 336 241 59 453 133 420 22 171 105 114 473 304 200 445 236 327 432 240 414 245 172 214 368 187 48 260 321 119 349 328 140 426 354 63 110 265 227 9 209 118 370 48 216 84 120 406 111 22 45 27 9 457 201 90 348 301 216 450 317 121 361 85 325 33 32 344 443 423 26 253 127 429 20 113 38 90 118 252 311 427 101 443 277 168 459 485 214 139 295 65 336 416 
191 262 206 401 280 343 273 276 177 437 312 383 300 430 112 424 270 108 460 93 244 126 148 161 445 447 371 180 374 411 75 427 492 169 392 327 404 231 170 312 105 443 303 321 453 264 266 99 269 392 221 329 242 123 328 433 8 427 227 356 11 14 190 255 190 373 495 131 171 202 52 462 44 488 377 338 115 130 412 266 82 393 423 163 96 198 182 280 39 443 194 428 224 344 153 103 64 310 167 388 
10 395 228 495 44 389 83 287 351 259 350 485 489 196 203 486 430 331 230 245 242 342 384 144 392 359 323 120 163 52 491 199 312 130 357 355 465 24 399 80 188 29 499 190 47 19 431 142 330 254 271 441 365 36 216 7 120 462 414 58 317 163 325 188 93 479 453 160 441 375 345 384 278 371 132 487 427 112 179 37 46 343 299 191 201 73 43 118 446 5 256 112 469 111 27 38 333 426 450 405 
190 253 179 392 274 360 141 392 41 126 293 96 57 494 388 156 121 298 257 29 65 91 70 351 72 428 158 153 441 475 65 452 472 69 124 51 183 58 306 294 150 240 119 470 199 247 235 439 42 153 450 83 334 238 427 250 156 478 318 499 252 42 474 110 357 301 175 370 245 240 223 220 57 236 206 401 273 430 156 285 191 415 254 184 108 213 253 158 299 226 74 293 299 296 169 326 463 256 65 344 
92 130 179 144 110 261 410 121 6 283 87 77 72 192 232 457 99 196 126 366 121 466 0 13 237 315 494 421 217 110 494 30 89 168 279 139 201 259 251 387 323 263 83 109 269 193 490 318 251 155 443 39 320 60 366 231 454 432 448 122 360 103 165 471 491 243 480 459 71 274 57 247 38 40 285 42 179 456 98 242 133 435 24 249 374 466 253 435 266 160 384 334 407 307 324 4 215 261 159 228 
235 182 123 236 201 4 25 486 241 87 401 426 312 130 237 439 107 14 441 476 150 29 274 332 222 126 109 221 407 7 15 246 254 459 215 183 484 489 415 421 171 56 442 358 481 321 142 229 349 326 214 194 9 449 442 301 445 332 5 273 109 17 399 451 267 413 367 207 21 85 223 466 302 401 39 316 294 232 382 381 246 360 91 454 443 346 100 65 29 493 392 33 57 44 246 426 190 184 352 185 
110 22 373 382 472 257 242 339 301 144 187 292 290 171 329 376 212 330 43 87 469 45 494 468 145 54 381 389 287 244 445 248 11 54 336 373 336 92 340 485 14 443 207 309 211 182 456 407 41 260 260 276 73 489 431 499 235 465 480 5 331 398 124 89 374 344 241 14 123 437 125 339 371 307 179 342 91 347 468 448 278 408 251 375 462 423 130 337 79 139 375 273 173 280 403 156 49 308 336 21 
307 462 89 8 474 323 226 15 321 485 97 226 269 297 476 73 67 280 220 255 391 158 446 369 209 164 267 152 43 310 453 251 11 362 300 393 351 330 58 93 302 248 347 458 488 133 211 429 97 325 369 13 49 353 264 147 416 80 204 341 97 162 348 4 332 201 489 113 224 350 269 212 49 120 421 419 102 103 352 180 70 152 177 162 89 467 450 61 277 198 438 477 306 160 324 415 445 375 161 385 
15 386 344 415 318 185 296 374 208 75 182 434 356 191 283 242 277 230 48 11 124 248 429 102 266 280 110 333 106 381 56 144 35 122 83 422 481 92 452 147 96 401 338 206 294 237 297 123 7 317 454 234 334 332 372 284 465 482 286 209 347 277 186 119 25 225 210 59 419 87 69 281 221 418 76 420 377 150 97 158 402 120 148 177 58 345 236 116 320 442 284 172 13 188 495 62 456 81 32 323 
323 483 366 149 228 372 272 374 300 353 264 230 211 247 265 394 296 15 457 445 442 284 388 454 259 142 234 248 424 22 211 125 233 228 265 378 159 496 189 37 411 408 382 241 180 22 294 110 92 474 207 412 103 81 305 230 17 196 357 209 489 94 329 243 430 67 188 85 53 239 141 292 299 402 75 387 416 217 112 195 499 345 430 181 272 387 329 84 68 272 318 39 104 294 19 365 41 74 332 481 
306 263 398 353 362 59 362 121 484 320 408 157 184 426 37 439 344 476 102 438 235 92 310 316 452 102 337 88 238 195 93 231 47 414 281 416 83 399 109 419 150 268 33 144 92 273 445 131 143 298 157 153 350 278 28 412 378 446 422 148 6 168 139 291 295 286 498 14 483 78 110 48 69 479 222 14 478 344 306 224 154 291 145 272 362 448 406 224 348 203 36 188 104 335 105 444 266 157 144 123 
132 281 434 265 361 322 26 430 410 128 8 247 92 105 72 400 262 389 110 403 100 231 93 225 140 403 400 158 373 17 401 54 409 58 348 153 307 150 386 262 232 249 443 447 297 74 60 360 50 453 313 394 262 108 58 450 499 376 401 499 187 76 335 367 6 62 394 249 382 225 362 291 101 360 238 133 306 49 122 110 75 19 191 397 352 88 319 428 108 358 217 16 476 25 367 156 392 242 382 184 
454 65 402 132 20 15 259 405 82 258 354 482 227 141 120 403 392 413 348 434 475 284 235 56 400 468 305 259 382 412 57 43 124 365 38 381 269 67 140 314 321 485 240 485 213 166 248 429 26 269 4 45 420 192 74 217 84 261 309 84 68 453 435 6 383 340 189 204 137 433 218 9 39 121 384 267 46 6 458 14 92 330 37 317 40 450 53 355 311 208 158 20 355 114 36 472 187 84 360 474 
295 431 333 357 57 116 9 347 484 441 139 419 396 447 241 409 242 220 301 423 98 293 22 22 458 438 348 133 349 476 479 174 423 411 364 55 282 330 424 458 434 84 415 267 365 456 337 158 247 71 146 57 48 288 115 260 369 68 362 207 215 308 290 226 14 52 357 18 319 105 326 400 44 109 378 403 124 373 164 271 317 367 384 488 33 341 114 3 429 18 76 431 492 356 425 390 371 170 394 223 
3 198 296 183 275 61 392 427 260 234 380 133 299 304 387 168 49 120 10 433 485 327 184 304 309 76 135 139 342 144 64 401 294 117 273 462 166 48 56 498 253 219 63 499 78 411 190 111 289 206 417 174 1 171 190 148 32 444 293 317 355 152 155 77 348 355 312 491 302 11 207 301 279 260 379 302 320 350 334 82 140 197 65 185 413 290 32 471 148 348 356 407 347 5 226 495 18 46 52 203 
41 256 418 275 175 5 378 78 36 315 399 376 382 106 40 103 42 24 149 146 110 392 201 34 369 347 307 494 47 115 290 205 93 389 30 385 240 14 196 74 14 96 165 307 28 162 348 204 215 9 20 265 28 164 295 497 214 386 196 403 411 131 442 477 442 112 90 118 435 367 127 142 355 87 148 215 213 343 46 171 341 249 58 211 480 433 185 237 21 162 430 305 211 145 8 373 150 231 181 255 
146 325 313 44 201 10 403 233 37 43 345 96 103 348 447 124 166 217 110 334 242 84 13 345 278 192 143 455 291 381 318 332 191 362 20 177 279 191 152 481 29 369 79 445 265 474 375 438 16 449 127 43 337 354 221 422 68 490 89 123 52 262 58 140 314 172 94 352 354 481 189 138 376 449 162 87 135 396 461 107 124 46 412 456 347 313 297 461 270 470 204 454 130 173 193 31 453 125 308 282 
240 136 11 373 230 286 399 72 66 176 403 343 474 407 29 379 391 330 490 142 230 48 5 200 300 16 483 383 478 115 17 326 60 476 349 145 136 138 482 52 489 15 327 151 48 111 394 485 365 407 284 204 227 87 323 448 382 254 459 289 417 445 431 210 251 385 441 439 332 12 187 87 148 446 366 290 224 456 42 93 210 114 167 144 194 133 148 230 240 451 123 176 492 134 180 374 24 115 257 31 
257 24 177 180 28 28 424 46 305 453 130 192 213 81 131 213 33 249 319 488 319 3 245 489 89 188 445 96 439 482 274 416 236 114 201 171 496 492 372 28 24 329 434 417 402 78 100 456 71 411 27 495 106 139 298 399 55 326 330 325 100 134 472 418 63 366 432 345 428 332 52 266 308 262 82 2 190 168 73 440 261 80 353 10 366 417 26 400 131 180 255 156 120 87 31 118 457 80 355 358 
13 175 342 420 13 411 322 395 460 246 483 258 321 430 497 123 478 498 409 12 20 134 295 86 226 154 403 352 30 273 117 273 250 444 323 369 388 348 57 417 480 346 498 25 329 318 242 334 62 374 430 209 318 288 148 258 422 245 275 247 127 443 177 63 451 201 115 250 411 165 240 28 259 295 94 114 325 84 298 88 354 370 274 92 353 422 92 218 257 141 72 456 483 39 186 303 204 301 38 259 
457 403 248 95 151 485 179 421 275 285 187 433 331 140 433 183 78 300 64 154 126 419 490 386 263 190 77 50 446 200 183 115 359 244 306 127 23 444 164 401 77 423 322 324 84 174 331 366 176 402 316 395 165 485 425 238 93 274 474 428 120 418 343 26 347 197 265 39 120 264 467 267 287 488 235 358 213 327 164 477 188 121 23 213 127 117 277 236 263 353 317 4 251 111 82 262 112 146 56 156 
396 369 238 218 423 146 310 38 131 250 364 179 420 135 447 447 271 154 217 359 488 238 202 486 173 464 236 112 238 192 34 174 454 283 133 15 399 15 318 45 96 197 98 356 306 37 466 418 437 35 351 112 413 420 76 223 269 295 73 91 42 453 372 464 102 95 278 210 359 498 385 394 379 19 307 489 206 368 81 281 278 266 357 58 341 341 473 471 460 221 133 304 463 463 130 2 69 223 300 306 
301 375 253 314 57 132 363 10 442 418 180 137 489 218 80 482 308 192 347 357 252 227 191 82 405 200 488 478 286 224 330 403 227 177 287 405 24 51 446 410 0 429 467 457 42 59 403 227 243 345 239 454 156 359 28 43 433 398 14 449 33 451 237 358 28 386 471 138 483 126 203 438 24 320 337 354 25 93 180 162 269 120 76 437 300 499 160 99 74 236 91 82 403 86 357 15 293 197 140 430 
451 36 484 401 388 262 468 384 267 152 497 410 402 357 104 427 89 393 107 419 480 341 260 250 31 147 298 277 1 290 20 300 451 62 211 60 94 377 458 474 211 204 484 120 390 40 257 148 470 87 89 427 35 59 413 204 97 17 171 305 132 25 453 481 355 46 473 38 105 0 296 157 310 281 198 232 142 137 20 231 471 491 365 338 284 217 62 330 362 143 22 50 290 211 368 272 79 201 130 412 
46 147 249 444 327 248 242 173 225 368 301 253 128 83 396 161 199 55 339 424 361 75 201 221 8 406 349 186 352 267 313 318 468 318 47 416 338 299 147 200 172 365 92 125 94 438 450 391 178 65 495 191 210 424 261 282 49 351 296 106 445 157 356 379 155 229 232 132 499 499 20 20 405 476 5 436 29 464 191 49 51 455 403 475 302 134 26 24 33 270 300 325 174 273 325 316 479 80 238 489 
243 209 403 206 314 266 271 181 171 401 127 483 341 345 20 259 375 285 55 227 313 336 2 7 436 424 97 264 81 447 347 59 45 387 70 13 179 13 243 229 74 89 429 492 464 375 223 436 180 217 110 428 168 435 198 259 438 251 444 492 224 231 463 53 193 95 105 258 10 483 161 123 297 164 311 436 69 366 211 37 42 442 489 223 38 137 304 294 128 421 214 219 137 438 112 91 324 223 490 317 
213 350 81 48 249 398 451 468 195 84 67 3 103 232 229 195 292 28 52 267 339 5 454 226 170 365 436 399 313 229 48 285 120 276 215 60 380 127 266 460 311 282 262 182 278 495 102 489 261 110 366 171 410 373 218 12 445 221 201 178 116 436 498 282 257 404 394 158 188 19 443 343 347 429 85 25 63 436 348 273 401 366 217 209 493 492 60 442 170 464 289 471 269 464 137 257 82 289 35 483 
249 75 372 342 397 171 248 196 499 125 14 434 133 496 2 190 321 162 469 64 51 468 169 491 85 68 193 110 478 9 210 10 413 393 247 401 213 410 47 465 169 467 46 188 72 111 433 98 400 14 277 253 422 87 232 329 188 34 166 68 490 283 343 464 114 175 430 23 9 225 130 5 5 431 462 240 226 381 146 288 285 282 211 142 114 431 188 479 12 281 291 384 357 351 210 136 328 415 319 468 
395 411 300 403 448 351 251 354 67 313 361 61 141 261 41 386 48 483 399 113 271 293 309 262 15 401 475 495 305 211 318 57 442 482 482 380 249 129 368 49 460 239 381 320 110 384 37 166 411 14 46 277 24 155 161 37 60 33 153 417 147 257 265 98 383 165 148 303 240 227 275 102 0 135 203 378 447 73 440 186 247 210 233 420 107 245 325 461 285 367 381 185 498 83 34 154 145 136 230 442 
30 15 202 80 140 461 371 454 184 193 458 405 101 6 416 136 169 80 249 152 105 471 183 419 44 280 7 118 84 287 476 477 306 388 83 76 331 126 353 409 166 368 106 343 140 18 134 157 401 240 387 443 205 362 435 489 19 76 30 369 448 494 485 229 32 74 352 206 185 252 433 11 48 359 334 9 228 310 85 159 76 138 425 196 124 270 96 60 2 226 420 312 218 45 14 426 485 437 217 341 
206 180 50 167 31 488 360 471 157 198 47 385 8 16 57 331 134 376 320 15 314 124 32 375 33 480 172 167 288 137 88 145 363 199 498 193 125 144 141 284 184 446 225 327 291 487 173 488 399 345 305 372 158 189 424 277 194 287 184 461 305 434 144 39 87 347 187 46 156 84 137 297 188 499 103 46 365 460 206 134 280 55 140 255 478 477 190 262 196 170 133 223 248 152 32 3 398 78 382 322 
224 395 276 113 13 319 124 278 444 442 55 225 296 300 69 1 30 377 127 295 231 14 486 278 374 251 405 4 85 58 234 292 7 496 221 397 164 15 282 166 58 272 394 10 199 390 383 50 419 71 35 168 151 221 62 90 482 451 419 35 59 209 17 333 231 141 178 33 108 448 223 495 314 160 93 261 97 319 32 17 256 380 486 464 237 108 70 262 184 144 465 380 428 362 85 33 431 413 317 232 
206 192 180 188 329 341 29 237 367 294 350 122 2 188 483 452 196 476 34 270 137 251 173 78 265 332 451 315 456 496 11 462 280 5 41 346 66 187 82 259 205 471 258 299 355 444 72 32 432 304 170 72 344 290 137 461 264 153 479 279 429 406 440 181 280 125 46 172 497 402 136 170 341 257 28 81 133 462 263 286 10 91 10 421 50 115 262 118 320 304 385 434 286 222 251 402 153 242 18 315 
211 218 42 71 133 474 124 415 428 392 341 129 457 483 205 56 345 176 116 429 286 481 41 428 79 395 62 168 240 27 207 295 34 307 158 85 96 425 21 151 142 212 58 227 193 375 296 314 135 259 75 297 412 96 134 280 65 434 491 40 40 332 443 39 145 65 306 397 247 130 157 13 261 468 133 273 66 378 175 446 331 478 215 347 141 277 10 455 115 220 431 73 17 224 179 116 261 292 351 143 
224 58 282 402 9 70 364 482 389 286 354 106 194 15 115 298 78 332 363 288 414 161 242 145 64 25 218 233 416 120 89 54 98 391 269 126 224 264 173 327 133 106 465 322 27 185 360 359 289 322 9 24 152 301 19 88 0 466 290 43 417 478 123 351 398 30 146 364 24 357 329 71 199 98 259 31 178 100 270 262 236 485 386 47 372 17 364 100 305 263 169 33 384 196 259 9 50 91 256 437 
336 489 32 271 414 434 341 113 308 203 401 30 343 278 49 380 155 479 111 326 387 312 289 404 54 367 35 333 209 139 332 108 133 436 486 470 302 271 204 283 388 76 45 175 193 142 405 223 131 496 101 476 119 30 432 192 366 220 264 78 155 184 495 478 466 2 398 5 279 211 457 434 166 58 265 271 298 195 251 418 239 173 142 246 32 243 270 108 144 45 494 97 365 224 447 359 431 127 481 468 
494 343 31 365 238 162 326 375 366 43 235 406 231 249 314 160 318 264 329 40 489 236 472 230 10 469 281 166 400 279 148 10 486 203 45 249 477 390 264 378 265 4 357 114 135 223 164 193 402 85 483 481 312 16 24 72 190 81 440 223 94 62 81 272 491 8 434 434 298 419 119 117 60 312 272 300 60 1 478 417 63 219 266 331 33 172 368 279 434 166 258 263 8 145 200 185 406 260 23 139 
466 221 363 263 475 218 490 132 426 282 78 393 81 320 24 434 225 130 33 497 161 318 149 426 450 294 163 170 90 341 488 492 251 100 276 238 196 153 101 187 427 402 489 437 129 298 30 200 162 341 15 427 23 344 454 455 273 110 396 242 295 381 393 31 7 193 105 258 305 267 390 448 341 457 470 156 306 8 139 24 471 393 82 264 64 232 61 307 444 490 28 370 470 230 386 197 398 234 335 492 
309 423 420 41 487 447 55 219 176 289 61 132 121 170 433 258 61 454 282 42 135 232 459 350 26 451 270 309 362 61 186 240 449 201 181 227 498 168 10 245 428 395 158 428 58 156 310 381 145 430 12 359 135 166 325 429 231 287 470 88 421 304 150 485 356 129 12 180 49 16 73 183 481 329 147 494 73 435 187 202 449 64 268 170 311 254 230 220 86 200 458 169 371 233 186 40 322 183 372 212 
128 219 482 468 147 43 328 475 271 155 9 9 228 172 187 188 3 490 49 286 18 401 166 54 122 143 260 204 103 91 342 43 267 105 249 365 203 204 193 1 298 332 492 381 434 358 59 373 436 269 127 252 383 14 74 423 60 234 302 302 116 262 86 300 79 66 88 322 315 198 13 72 348 11 87 154 483 370 224 252 109 247 348 497 429 147 317 97 184 465 17 486 472 318 191 215 183 363 214 150 
118 320 254 60 193 138 484 458 184 441 448 66 298 251 28 426 137 124 384 304 271 434 77 359 212 100 63 465 315 282 346 382 401 423 194 12 379 459 105 442 272 17 309 426 128 103 255 234 146 217 384 143 176 68 425 85 34 397 260 366 220 17 209 341 154 465 2 384 36 316 379 285 447 496 312 317 497 294 121 142 257 414 274 391 263 127 475 86 336 479 427 105 453 54 227 376 24 427 198 5 
68 119 202 417 302 256 45 398 388 76 417 90 464 420 405 463 12 435 141 339 210 300 96 315 150 215 96 90 87 5 225 111 225 374 241 294 124 359 216 238 322 106 476 113 462 117 12 148 144 452 76 315 370 330 419 499 224 186 247 380 116 76 309 77 269 459 402 433 129 79 153 45 369 102 98 236 332 410 378 178 494 399 400 4 34 419 399 34 398 453 117 165 310 498 96 456 40 277 91 338 
230 446 35 166 140 313 87 6 392 116 480 156 175 166 273 458 273 433 162 239 208 135 111 390 29 81 87 439 420 99 149 36 230 399 200 358 95 427 214 228 81 265 342 94 73 406 90 450 428 190 218 75 3 112 135 487 366 79 402 323 107 31 492 348 397 361 66 248 471 125 257 33 303 143 180 378 194 176 181 43 426 221 432 374 173 436 101 215 268 2 281 347 108 276 468 349 428 474 174 141 
47 489 494 274 391 177 26 333 50 58 448 363 195 238 252 143 389 455 391 323 415 36 83 160 476 102 197 408 409 57 451 16 183 401 210 95 67 314 31 162 231 238 228 19 56 473 49 262 432 81 155 350 148 87 254 282 74 377 266 149 163 414 411 422 284 71 121 163 58 452 236 434 107 266 128 149 23 302 49 289 96 326 246 93 234 274 160 372 42 33 268 487 399 333 220 119 297 81 18 170 
441 398 33 436 126 260 494 181 275 121 58 418 484 338 325 140 137 165 486 267 136 103 67 326 27 14 131 274 250 74 359 102 30 248 166 286 278 167 136 31 449 238 309 217 12 25 445 66 482 44 303 174 85 485 227 131 382 142 284 392 448 293 138 160 296 10 303 316 137 266 140 173 79 445 314 199 177 163 277 275 87 179 73 246 0 340 47 122 228 383 171 420 274 48 88 379 140 408 427 427 
282 171 324 342 392 251 313 15 482 397 115 160 203 18 338 202 233 0 137 310 258 318 172 446 388 246 177 45 389 382 375 231 374 129 12 60 44 110 325 154 244 397 65 137 235 493 264 243 253 326 499 196 91 47 250 468 30 127 340 202 299 88 176 479 384 148 230 340 156 463 259 352 357 205 465 145 289 484 401 441 35 276 482 107 44 315 26 352 253 31 323 187 322 398 403 64 96 372 40 21 
203 431 179 144 31 191 124 149 396 319 153 239 135 412 330 324 323 384 204 142 384 362 264 128 339 364 23 249 302 277 476 395 161 348 233 47 482 329 121 172 16 78 46 489 386 357 363 455 370 200 144 23 64 124 148 372 389 291 119 475 143 403 304 84 131 36 421 180 272 385 6 191 306 254 222 488 199 334 332 131 248 422 254 51 244 421 391 328 440 161 394 358 70 390 297 462 444 30 131 72 
243 265 97 278 81 321 447 368 298 169 494 205 254 157 401 225 188 386 145 427 425 175 173 81 44 479 230 429 92 9 138 390 314 168 147 224 317 473 335 204 184 481 145 124 75 267 2 418 204 321 334 394 435 18 132 76 371 204 349 410 460 211 35 479 182 394 216 381 223 384 391 177 436 258 245 57 363 291 93 409 145 291 117 404 222 321 67 344 405 238 400 353 163 247 338 287 390 343 332 91 
130 108 470 179 410 52 62 195 395 217 134 351 442 229 391 230 235 163 430 61 274 318 368 229 477 249 379 205 490 247 259 251 370 20 50 169 310 51 332 59 178 17 133 71 71 397 56 132 117 342 220 78 452 474 241 34 106 297 146 498 346 134 496 252 364 371 493 87 349 203 258 388 380 379 22 306 53 429 212 429 172 369 362 352 193 144 243 22 183 151 478 337 171 400 316 272 299 399 480 442 
318 92 85 447 365 439 48 396 219 215 499 393 133 471 364 15 61 59 102 2 35 323 68 35 416 309 191 51 487 323 115 222 90 134 25 60 390 281 116 392 213 321 292 162 427 326 122 70 198 50 245 277 383 5 496 311 150 153 133 14 169 43 86 18 7 309 258 306 442 241 214 182 224 338 204 53 142 93 152 465 258 283 141 205 409 105 462 26 215 92 86 448 315 443 469 295 67 465 4 254 
134 299 254 331 250 226 47 485 62 344 53 253 204 485 226 366 228 284 18 180 234 119 69 363 23 355 423 229 274 15 182 299 40 492 195 79 106 473 209 92 400 439 82 162 117 20 440 401 109 344 335 216 440 288 0 324 85 327 265 99 175 201 485 326 398 462 155 2 377 6 242 338 27 115 348 59 48 280 459 242 290 342 207 182 79 293 369 354 256 355 395 93 130 369 341 278 176 142 368 118 
233 479 5 408 280 394 76 185 397 293 194 40 130 51 44 267 474 352 101 102 416 419 369 40 311 193 146 320 196 377 423 90 385 216 24 46 385 445 349 223 376 383 62 276 221 421 379 103 493 55 391 139 141 448 59 212 471 183 68 444 248 261 296 484 126 335 397 251 268 188 366 498 474 242 215 417 316 158 363 425 280 320 441 395 240 84 260 448 368 177 10 361 48 72 278 240 486 21 425 47 
317 492 214 438 258 126 41 224 326 377 234 146 96 169 149 254 376 420 85 69 77 385 346 111 274 69 87 208 151 362 375 216 274 207 102 414 341 391 200 444 395 213 150 50 477 417 188 429 177 33 302 498 15 42 486 223 464 191 289 141 9 206 325 132 385 99 54 206 377 226 51 154 291 448 320 132 233 248 234 352 200 409 263 300 112 252 43 17 385 364 305 438 331 306 13 87 18 182 286 431 
104 149 228 418 247 113 144 188 258 178 163 282 428 326 208 482 375 219 364 301 234 227 175 400 397 440 489 238 271 190 330 417 302 14 329 91 154 456 70 495 23 55 391 468 41 471 264 157 89 479 107 209 366 368 327 474 67 490 266 228 406 266 69 95 25 271 227 17 101 173 470 433 9 327 33 181 112 211 109 345 385 132 322 100 333 91 40 10 478 470 331 458 75 305 80 342 447 438 494 370 
335 408 299 325 42 238 478 486 176 204 377 473 403 110 138 388 347 148 216 232 345 426 207 388 160 153 219 406 212 397 9 39 68 289 135 332 193 400 350 470 429 17 485 378 131 481 115 245 317 7 105 309 428 1 117 465 439 137 266 406 114 330 318 479 136 392 440 57 179 257 9 210 263 434 272 267 334 341 121 137 346 388 348 13 299 170 291 430 419 497 353 406 155 52 271 396 376 9 262 477 
426 353 51 110 231 455 432 257 355 387 188 281 431 156 437 23 75 279 227 46 465 493 231 111 486 407 189 22 247 417 307 244 241 29 75 293 348 296 7 139 46 181 155 423 262 425 19 196 451 467 126 102 440 297 6 97 232 375 360 382 406 34 94 149 172 491 419 444 255 121 431 310 108 352 63 331 462 260 24 259 132 242 459 410 332 65 168 347 132 232 343 256 435 301 66 356 384 281 421 2 
323 310 486 73 284 93 456 65 344 442 106 349 169 408 168 305 93 169 62 290 434 390 436 179 116 107 252 475 48 269 389 200 316 227 344 178 130 462 382 172 386 233 202 10 158 405 195 379 336 162 151 421 234 289 169 248 389 286 68 215 148 161 405 25 462 149 263 474 479 353 125 260 259 43 172 389 239 469 489 18 368 346 21 449 137 237 311 82 388 428 246 467 17 491 284 222 150 102 385 455 
242 489 472 426 295 66 191 78 97 436 198 127 425 206 374 186 326 374 402 22 411 496 441 256 226 165 41 94 195 64 244 57 143 158 145 326 254 144 93 78 263 243 46 373 172 443 267 155 66 440 450 3 449 9 431 253 427 114 1 471 109 457 454 51 415 15 206 371 361 404 328 493 278 120 384 209 432 7 412 448 360 472 466 182 423 401 306 32 120 406 420 166 297 459 252 422 405 282 116 498 
232 350 165 334 28 436 410 118 225 228 337 138 96 140 431 7 180 51 315 77 278 441 362 289 394 156 493 26 237 278 142 398 445 6 64 58 411 124 18 66 268 489 226 97 134 413 330 181 228 91 58 13 257 415 55 472 428 122 423 358 79 423 254 324 474 343 33 225 403 178 73 117 436 317 114 212 219 360 417 237 272 333 254 104 419 160 266 138 124 144 368 54 412 165 422 15 486 15 3 301 
290 464 479 20 265 494 390 404 334 380 380 158 478 73 13 253 442 304 36 468 365 457 313 427 295 356 159 272 78 426 491 397 138 176 107 387 24 211 98 341 311 240 485 257 373 19 25 309 313 343 301 130 499 283 326 429 297 412 373 115 308 194 134 27 127 76 299 13 103 412 366 26 258 238 390 101 246 167 371 456 332 337 109 387 266 253 363 419 65 46 48 159 363 84 418 116 407 23 201 23 
129 257 442 371 364 305 332 247 479 157 483 88 76 178 136 223 371 251 464 362 327 104 368 473 120 416 255 227 480 477 126 332 347 86 193 465 361 168 479 78 183 381 412 440 200 127 133 415 409 377 92 166 51 499 20 452 425 386 375 333 425 194 194 77 239 223 145 268 255 425 271 235 398 412 368 186 173 238 321 263 209 411 260 377 90 12 465 213 13 443 124 9 63 66 493 186 444 172 368 379 
404 3 152 382 361 72 105 143 5 437 120 90 222 117 172 418 303 181 327 199 316 249 471 312 97 49 78 110 263 457 91 343 207 162 265 170 431 331 72 266 486 210 258 477 364 476 80 151 326 220 306 111 427 186 41 365 203 395 10 361 458 246 429 307 109 226 28 312 432 443 497 152 483 147 163 295 211 146 392 313 180 367 34 405 169 44 271 469 173 28 389 172 187 228 316 328 364 120 91 311 
385 78 68 304 445 166 35 173 304 272 135 11 356 232 182 60 454 369 260 100 76 132 247 335 302 1 338 370 274 134 379 392 201 118 20 403 95 253 273 299 306 215 190 66 462 486 392 348 231 420 186 105 291 259 120 129 117 150 436 36 451 89 247 106 24 433 247 464 201 27 318 116 113 49 57 133 150 401 38 299 303 404 351 473 10 294 48 127 74 208 170 106 50 441 325 226 355 338 491 448 
112 136 42 56 282 496 356 313 81 80 233 498 170 479 209 367 470 451 342 461 77 458 488 197 75 211 243 84 193 329 117 223 451 364 393 113 28 98 327 309 30 229 361 256 28 52 33 92 450 47 479 214 456 95 154 405 38 249 370 35 430 422 341 260 190 59 482 300 299 9 61 270 282 347 273 439 234 175 250 323 79 195 11 298 205 33 87 161 264 9 310 424 154 313 266 207 77 401 463 392 
400 168 272 216 468 70 94 171 107 420 410 413 491 409 154 114 243 435 60 306 388 5 171 422 346 146 118 390 137 134 186 219 366 159 326 74 228 331 149 101 92 75 375 354 136 235 200 390 223 376 1 88 358 355 260 190 485 281 471 466 277 406 44 65 161 317 408 181 50 160 264 437 96 72 434 277 309 316 372 305 152 418 386 430 166 274 195 143 408 330 22 274 110 125 165 311 177 464 357 476 
431 190 39 106 223 363 191 258 279 395 399 368 2 336 383 360 117 41 290 26 450 49 355 92 398 104 109 325 199 295 331 112 482 117 276 328 469 348 442 443 465 50 245 74 210 122 207 83 59 38 98 302 303 214 370 268 415 413 11 266 242 330 408 76 56 238 313 117 295 376 263 453 259 420 414 480 334 180 232 175 418 208 443 496 391 14 390 363 209 297 440 282 215 429 22 301 119 179 192 471 
320 277 421 251 170 13 74 130 133 202 180 387 364 95 117 120 299 155 324 41 443 261 468 83 221 277 187 358 381 402 455 218 324 65 233 471 480 133 468 359 56 25 432 112 216 111 183 245 38 491 469 141 288 175 207 398 60 432 75 461 166 197 150 407 320 234 439 157 252 220 6 259 485 235 183 381 267 196 406 468 84 124 202 412 499 13 165 450 156 207 212 459 36 458 295 377 443 498 363 494 
159 278 134 483 459 369 251 135 423 158 322 104 38 376 330 473 101 310 461 17 434 130 240 382 441 175 177 493 61 247 485 38 155 375 37 403 446 144 374 454 335 138 203 66 463 245 204 85 240 201 345 135 209 178 425 362 68 370 319 143 435 127 332 288 467 180 367 486 379 62 341 325 496 106 57 485 83 217 99 451 32 388 139 97 457 5 381 474 186 466 214 6 252 193 125 116 439 227 315 153 
81 5 364 376 216 135 127 286 86 491 144 380 207 438 100 23 387 289 345 435 106 415 126 251 164 20 401 36 156 81 274 115 340 371 203 144 78 130 199 185 321 447 283 88 275 483 292 252 98 385 440 333 220 305 287 105 484 98 349 466 317 443 141 145 337 474 78 305 246 289 219 117 296 449 420 466 323 487 442 417 118 364 412 163 197 288 432 17 182 130 480 2 362 307 46 271 215 145 488 442 
161 450 444 347 213 345 7 47 216 14 88 441 440 248 319 97 15 80 303 31 429 72 225 345 80 307 125 240 10 395 90 12 342 279 330 394 474 127 115 466 128 228 464 237 179 40 146 180 469 497 106 142 354 292 99 370 70 102 252 165 490 418 428 415 121 242 104 303 370 307 241 304 318 321 79 240 451 424 229 96 392 491 54 442 447 142 7 95 476 487 69 109 316 157 130 386 71 437 231 373 
425 113 429 12 47 157 177 215 496 335 256 204 202 274 94 208 195 191 169 173 451 56 386 429 76 272 444 141 414 30 144 465 288 417 379 487 161 93 469 146 483 123 35 237 90 427 180 80 478 185 497 438 30 268 85 40 52 103 237 465 117 248 277 158 338 379 143 228 83 155 441 308 311 155 493 102 60 360 266 417 373 393 450 326 489 147 19 347 190 206 267 86 453 187 107 362 80 72 160 144 
13 132 275 234 273 444 447 348 429 354 10 104 115 228 182 216 452 49 239 9 397 389 140 371 12 7 5 238 248 50 456 283 196 217 232 15 320 20 297 395 56 486 338 84 136 120 123 361 88 198 339 247 473 372 317 97 461 236 189 440 240 318 209 368 455 396 200 232 136 96 99 106 113 162 415 22 297 146 130 421 72 382 377 305 183 360 413 411 209 466 37 448 344 97 184 496 158 491 411 256 
29 100 225 182 85 160 408 178 117 171 179 463 233 453 186 414 182 235 94 138 46 85 470 229 346 322 32 170 218 189 296 484 308 409 202 34 499 319 455 495 348 202 97 159 102 399 66 367 91 402 482 206 7 153 376 44 160 376 259 303 126 473 257 68 368 149 179 447 195 78 194 14 367 266 66 127 59 4 53 443 188 178 250 22 469 259 146 409 162 129 487 447 418 197 464 451 373 362 388 344 
