154 330 43 359 19 328 72 227 318 247 204 59 381 280 131 233 437 457 337 453 392 493 7 239 397 133 60 347 384 75 429 469 248 356 493 405 12 498 372 488 66 268 186 220 474 238 79 91 143 36 252 439 325 489 277 210 350 175 413 369 158 464 425 59 181 68 56 449 308 370 14 431 178 481 48 280 368 292 311 239 63 339 409 134 138 359 352 104 355 99 280 370 170 166 376 285 495 293 172 94 
215 321 437 429 87 244 472 39 320 258 144 455 246 112 462 191 66 320 350 264 37 299 19 314 327 183 123 16 280 459 248 40 434 101 435 66 35 447 183 91 85 400 208 195 51 429 376 18 309 266 469 443 63 230 453 386 198 4 162 260 399 290 466 440 92 19 418 297 116 344 373 13 79 162 59 56 150 200 279 314 192 78 334 69 377 144 409 62 277 101 305 433 101 414 240 6 49 492 151 219 
198 25 238 412 110 9 339 274 260 235 339 35 270 317 117 441 271 198 184 109 222 90 55 89 104 487 223 473 22 259 285 103 191 408 209 450 451 279 307 456 176 72 227 198 259 258 182 499 46 110 78 319 153 144 198 463 479 302 303 334 190 167 94 94 321 479 188 11 301 370 378 423 238 186 48 39 304 428 208 128 117 397 395 206 348 309 440 389 67 177 372 373 197 86 432 475 123 89 381 76 
288 320 17 330 62 80 214 353 244 1 264 48 141 211 174 108 285 119 342 380 330 301 57 129 80 331 81 475 178 422 161 77 237 423 380 278 113 92 337 461 311 436 270 422 352 269 461 389 100 124 352 355 199 463 224 434 34 166 367 426 145 494 439 237 95 381 170 239 131 193 301 438 201 337 34 287 68 117 498 170 123 486 465 338 454 13 7 377 219 106 274 335 460 385 365 341 42 152 249 92 
434 383 190 385 271 292 448 355 381 173 302 58 348 420 139 67 456 405 243 70 223 313 176 351 139 275 89 160 419 407 95 89 120 298 127 461 340 105 327 209 425 379 393 259 463 285 144 112 304 153 271 184 295 198 259 493 207 212 197 491 261 497 41 195 96 102 437 279 121 64 37 341 186 317 26 462 350 195 105 489 482 375 473 344 378 158 369 494 303 272 347 189 496 260 307 210 82 364 484 47 
21 369 364 152 423 130 427 117 19 209 70 87 179 18 391 269 113 499 200 153 308 167 399 63 52 479 429 109 111 178 64 192 108 204 181 414 173 61 90 464 209 335 134 469 1 129 379 168 31 14 337 215 484 173 183 17 446 386 135 277 490 277 281 471 146 237 248 342 355 188 480 266 321 297 51 305 263 90 219 273 92 211 179 99 338 399 66 442 193 465 200 201 376 421 170 359 364 49 408 257 
361 382 65 312 449 303 459 204 390 344 3 339 488 47 52 63 451 283 115 23 202 148 325 82 199 239 308 125 345 470 431 154 164 187 317 146 84 241 315 152 356 203 25 146 36 460 130 304 185 135 439 431 344 279 294 456 437 225 471 328 173 281 131 402 351 371 175 139 443 252 499 273 408 275 312 267 15 303 406 396 15 57 78 131 383 223 243 302 146 405 475 17 57 211 249 44 214 410 84 347 
372 118 439 135 375 36 163 30 365 449 332 319 157 255 380 146 47 290 464 240 424 169 336 68 168 470 109 497 161 4 492 424 178 144 486 408 395 62 115 18 455 448 408 228 175 299 392 489 457 241 100 264 185 243 73 308 338 220 190 353 413 25 315 275 365 82 114 175 155 457 172 376 116 302 253 116 410 291 399 427 196 53 416 39 384 414 479 393 364 68 22 343 197 374 473 335 294 133 341 422 
112 462 341 4 304 262 145 187 282 198 458 22 276 148 260 376 290 106 279 237 165 373 323 340 89 317 390 21 360 211 148 46 344 147 404 57 476 492 442 248 485 88 90 123 334 436 172 221 446 271 234 273 161 409 130 355 442 455 225 84 47 450 63 46 434 149 339 19 442 175 125 283 65 93 94 340 273 271 472 198 12 496 79 464 129 199 367 77 187 453 339 258 72 429 269 134 278 205 131 327 
481 141 330 417 305 177 465 305 121 495 403 36 389 399 85 292 75 447 346 65 300 341 168 303 310 443 36 360 353 381 36 245 62 469 240 146 106 404 470 405 335 359 331 407 91 268 187 497 402 73 426 56 302 449 312 272 65 42 286 214 142 79 242 24 319 455 233 177 411 170 114 89 334 367 434 354 377 381 130 112 239 481 429 390 24 239 411 241 70 149 28 60 209 30 477 209 311 75 231 287 
172 435 405 329 162 202 49 329 116 155 126 461 344 23 221 118 110 241 72 41 251 476 158 171 199 333 472 367 295 290 315 231 457 63 51 48 363 70 400 158 422 106 355 355 168 231 59 128 249 278 408 297 467 415 191 494 31 386 392 91 417 274 453 102 343 410 300 302 106 318 258 106 22 46 37 398 127 158 86 486 440 78 267 120 231 74 229 315 437 452 209 497 291 152 428 400 485 237 367 64 
22 278 356 316 420 388 359 452 30 266 264 161 227 165 1 183 257 241 258 359 425 359 327 456 225 496 414 68 83 134 474 170 136 498 439 66 433 142 478 434 112 4 475 268 235 162 430 182 416 224 155 264 120 267 458 132 149 363 469 386 418 223 75 443 203 11 209 312 152 154 90 487 74 269 421 325 94 491 377 300 44 11 380 270 385 436 245 447 229 23 6 80 277 26 363 428 103 491 454 383 
285 330 359 77 6 439 224 456 54 244 172 281 138 270 49 293 433 458 105 378 289 430 21 243 28 365 265 300 180 403 280 15 281 448 185 160 430 344 92 498 371 3 145 126 353 190 93 155 19 257 190 128 311 18 202 150 120 426 483 152 207 123 250 119 435 346 203 485 97 490 87 123 112 489 61 127 78 137 334 55 443 125 388 222 477 441 17 442 276 195 451 440 383 12 475 444 51 466 323 56 
384 407 156 214 425 254 491 63 55 429 246 363 85 382 359 411 431 298 125 174 496 23 306 71 68 108 224 181 318 43 187 400 130 34 366 260 234 182 209 275 30 364 122 92 102 217 463 269 171 137 3 268 397 326 224 14 319 205 349 431 395 217 140 106 335 63 406 424 44 258 257 91 407 192 374 125 193 416 331 360 199 489 283 128 369 120 349 260 387 41 89 397 290 424 333 249 428 330 48 475 
366 260 149 398 212 143 69 22 174 333 64 273 138 104 181 459 351 253 97 57 184 38 38 228 323 432 352 162 32 227 487 124 328 338 399 340 11 131 361 485 102 150 34 120 113 177 32 409 88 405 315 447 283 367 442 444 323 341 319 5 431 22 469 224 67 470 259 318 187 51 288 120 112 153 81 72 335 352 330 33 142 124 160 224 219 148 366 204 233 119 59 425 105 3 428 266 298 470 255 60 
393 479 475 175 152 224 48 254 284 257 149 28 384 218 488 208 188 217 30 345 238 30 168 326 231 370 349 384 281 249 341 245 136 242 470 307 483 45 285 153 296 469 186 230 462 167 427 280 350 321 6 110 136 206 478 441 108 75 140 115 89 14 283 114 156 350 368 43 372 395 70 442 440 278 489 113 105 479 305 308 490 498 218 80 5 112 289 490 269 250 25 141 105 111 275 198 122 294 423 89 
435 422 260 121 175 425 262 332 352 31 489 415 355 463 245 46 465 6 440 448 404 11 152 318 221 179 322 18 324 247 5 18 100 70 411 445 193 402 292 177 252 29 317 285 122 345 484 405 446 53 240 120 135 423 216 141 445 226 91 386 324 131 375 352 304 151 314 463 43 346 256 81 199 479 359 128 394 326 487 265 462 446 465 29 278 264 106 211 62 324 60 137 270 283 73 215 98 273 267 478 
272 411 451 347 403 19 192 137 203 467 158 33 301 243 163 224 39 32 258 72 167 145 171 131 309 59 367 407 275 412 300 50 320 203 487 492 79 355 395 339 9 80 289 365 61 70 118 349 92 169 300 175 401 157 105 485 249 227 72 98 474 376 450 69 324 4 436 135 292 289 250 208 201 426 255 255 388 418 349 231 305 105 140 76 447 232 46 339 290 272 394 371 379 305 221 373 311 84 152 305 
381 191 75 316 94 247 321 368 6 306 382 259 400 179 109 9 69 39 414 160 365 428 387 212 218 403 389 130 41 194 141 169 266 28 159 456 200 468 371 15 181 160 207 112 371 250 161 343 343 76 364 369 65 77 496 18 300 11 465 497 167 497 32 304 412 368 26 480 192 230 141 374 459 467 357 459 333 92 98 361 122 176 290 177 142 385 17 56 476 31 431 457 304 411 305 462 326 307 472 495 
169 156 487 337 499 243 295 27 99 228 76 480 337 40 122 357 313 398 133 2 374 164 37 448 460 31 328 462 328 113 493 366 195 317 384 133 202 444 259 33 408 130 141 31 196 430 225 169 453 215 114 210 203 479 272 231 340 437 53 372 50 314 356 16 227 235 198 166 315 18 487 484 160 450 456 480 220 444 3 396 366 311 382 366 250 411 323 328 342 425 87 98 437 74 66 358 415 145 375 247 
130 317 457 413 487 92 268 435 8 276 291 115 284 416 446 102 43 191 188 15 28 203 391 449 440 121 363 363 74 499 252 60 215 221 343 376 414 408 18 181 204 420 3 425 136 473 202 227 495 117 61 360 118 267 277 380 128 247 259 260 477 233 285 467 255 247 397 452 392 466 158 374 229 39 445 415 277 106 397 116 489 388 412 186 331 258 177 285 75 380 198 33 62 463 13 197 173 205 37 478 
302 247 100 309 349 289 270 232 224 459 169 359 293 231 407 145 475 66 411 164 439 13 163 457 424 253 133 393 241 44 449 349 219 285 71 227 343 462 26 49 188 52 236 181 415 244 486 342 126 496 418 158 188 468 143 333 392 187 194 369 8 241 327 182 147 225 189 239 100 414 69 25 41 193 207 184 444 86 95 441 217 141 456 351 65 135 59 484 184 493 94 45 101 370 329 152 18 268 420 62 
22 369 490 149 119 103 78 144 279 285 376 361 143 235 471 198 394 36 368 259 451 383 157 286 192 145 387 228 157 488 121 160 52 115 82 361 419 484 429 208 133 397 15 83 228 0 228 64 43 225 269 261 266 53 489 292 266 36 403 97 155 483 232 296 483 272 410 464 96 257 459 201 493 383 394 74 493 370 111 416 424 388 425 387 171 148 385 206 82 421 12 277 424 27 81 178 381 292 40 179 
271 22 258 87 427 229 402 327 349 231 391 203 262 47 39 57 329 26 456 349 480 471 121 269 144 382 383 191 128 227 8 357 490 132 264 201 279 60 466 125 404 450 193 440 361 17 16 214 404 461 471 108 345 458 107 335 388 487 207 55 416 461 356 35 195 117 38 91 242 296 180 9 463 74 262 356 31 214 264 290 417 11 50 84 140 217 350 331 156 34 205 165 480 479 358 344 290 495 492 107 
15 458 174 311 256 405 460 283 434 190 427 46 387 382 432 248 105 222 198 296 142 394 185 94 100 59 295 369 105 461 193 110 378 164 317 386 410 386 271 460 273 257 153 230 190 296 211 249 292 204 38 135 436 157 307 285 404 119 183 290 134 194 295 499 424 368 445 78 10 249 301 304 261 363 325 113 203 159 97 107 66 67 460 436 125 358 350 55 261 369 6 6 64 324 336 415 288 84 202 293 
342 138 236 102 492 288 332 28 424 54 191 213 66 475 322 382 386 285 484 432 153 123 288 210 12 462 441 341 150 162 128 456 45 181 190 283 73 108 30 27 320 353 213 440 49 497 185 377 161 407 191 47 343 24 20 349 289 168 390 431 3 85 338 486 296 454 357 218 149 303 47 221 12 304 199 227 9 227 148 386 21 406 380 173 132 83 163 200 331 218 314 213 418 364 149 125 357 482 18 348 
218 113 479 478 90 443 377 459 293 362 13 397 495 183 43 257 174 342 218 490 306 68 199 160 475 149 113 69 458 39 412 360 15 183 157 459 265 450 22 391 250 235 118 117 241 86 291 388 360 208 382 276 311 158 415 80 102 383 322 111 23 314 293 11 160 451 186 80 214 257 67 456 118 168 5 119 414 180 126 61 431 457 130 369 333 412 187 492 4 110 32 263 135 248 103 1 14 459 138 280 
307 244 64 190 336 426 216 159 294 11 130 145 438 125 401 70 325 434 127 21 464 474 74 96 306 227 103 401 16 309 357 292 79 7 149 108 228 266 300 320 126 41 8 183 209 152 138 275 166 44 199 466 275 415 481 439 244 89 477 192 418 475 119 335 219 359 114 26 395 347 40 442 81 248 388 92 384 42 290 331 396 279 486 0 344 277 21 143 318 384 225 261 249 491 276 458 117 58 102 206 
480 392 458 390 491 26 445 464 184 363 273 147 251 121 194 471 87 165 198 85 90 382 234 137 152 495 111 429 356 81 110 349 207 459 308 320 117 17 245 30 336 52 275 154 396 308 377 98 0 317 56 164 19 334 282 488 243 186 145 307 180 353 290 462 344 167 119 107 182 279 238 395 185 107 451 309 422 486 480 45 124 38 338 37 326 135 191 157 254 400 438 177 30 280 342 294 436 272 119 456 
302 387 229 106 81 397 195 323 81 289 299 46 310 233 26 188 57 471 246 92 194 233 250 414 5 488 426 168 374 326 76 94 57 61 374 84 422 51 401 201 322 295 17 310 186 136 370 52 255 437 279 186 151 185 344 382 401 12 481 346 95 481 457 470 152 41 485 120 452 135 238 203 56 70 404 156 497 49 359 393 125 113 9 203 219 52 258 7 174 407 141 0 310 221 236 359 290 247 189 219 
457 479 306 380 319 357 382 305 226 406 449 233 66 27 278 46 112 498 226 199 245 179 84 140 79 130 155 294 300 315 40 489 3 278 244 40 343 152 460 392 437 173 135 345 370 423 312 64 49 483 489 430 158 243 147 251 470 88 159 63 473 365 404 445 234 291 162 285 57 362 266 187 275 180 347 68 293 261 156 440 330 67 59 161 455 35 286 160 168 379 196 245 29 161 306 243 336 148 438 468 
48 149 83 102 391 93 283 456 252 449 278 71 32 179 380 144 306 171 308 364 96 315 485 445 80 23 353 449 79 272 385 472 369 120 13 458 17 175 148 393 126 112 229 189 78 309 435 422 342 251 411 6 259 309 448 290 203 416 311 300 238 223 123 467 195 331 42 483 198 486 382 20 420 88 415 237 400 246 213 259 88 55 105 132 239 371 7 433 169 18 26 375 170 89 239 381 434 55 47 276 
20 454 160 465 100 434 394 495 11 183 134 249 298 347 363 430 398 347 91 13 374 494 468 192 310 94 291 167 154 46 488 114 118 339 128 183 64 155 79 420 2 106 158 237 354 339 169 497 140 375 132 267 447 457 223 411 370 26 105 69 84 473 213 412 201 233 468 387 136 201 2 144 205 337 481 62 100 228 430 69 447 1 261 115 407 234 35 333 106 5 246 86 415 292 421 227 27 328 333 44 
66 46 279 402 301 63 34 154 307 120 176 21 117 64 152 72 238 368 198 434 87 251 14 475 499 336 202 23 127 112 343 147 36 37 450 107 49 35 487 397 407 413 53 138 221 235 175 410 85 85 427 25 460 48 213 319 117 455 494 403 149 442 426 479 153 309 138 311 181 71 278 236 296 377 294 343 144 288 475 159 251 128 21 398 417 281 383 423 244 415 358 379 482 4 441 349 222 412 88 205 
82 390 280 407 263 306 19 5 349 94 432 100 40 384 169 415 427 164 31 150 16 498 206 337 129 87 253 53 206 377 396 389 107 204 405 97 59 438 467 59 308 321 394 116 77 495 411 414 37 282 206 353 498 170 105 370 66 44 231 214 497 184 314 372 228 397 68 359 328 195 0 422 341 237 248 37 288 316 406 303 108 248 156 176 217 342 209 145 422 289 476 445 184 29 446 302 425 149 387 428 
178 248 60 346 313 478 316 255 424 115 204 203 42 40 133 286 93 141 288 267 64 144 99 381 281 324 211 198 27 204 480 405 378 216 16 258 131 476 224 151 230 448 203 105 21 240 393 411 243 181 235 487 440 188 443 183 467 197 490 257 369 210 240 341 124 437 320 227 16 263 33 433 348 247 388 142 108 223 195 464 210 21 98 227 275 404 319 302 379 456 211 350 136 75 27 349 306 158 276 496 
463 239 75 28 381 233 167 354 72 233 232 453 466 169 472 247 140 306 80 215 51 393 190 186 286 76 168 297 246 183 76 414 352 65 185 424 325 36 300 420 64 345 272 410 411 117 111 20 383 41 10 117 210 285 131 417 361 355 33 344 423 424 31 4 267 303 437 367 373 273 363 197 244 469 15 353 374 37 385 122 165 285 201 301 12 318 53 66 409 85 456 139 14 81 74 431 409 351 101 122 
412 240 123 412 353 344 397 329 378 353 287 36 456 118 445 279 310 433 134 334 92 307 10 157 353 34 489 267 289 131 490 484 491 218 433 202 173 42 161 440 108 169 393 423 7 380 269 390 115 251 400 292 352 159 39 327 10 380 180 491 427 473 152 35 84 469 497 343 303 467 485 279 174 306 435 314 411 83 207 427 367 374 36 420 405 79 87 440 177 393 439 419 192 499 103 115 365 439 139 18 
380 159 279 229 154 298 496 150 274 267 329 9 203 356 41 108 81 370 469 473 473 370 373 116 227 435 130 321 165 19 107 51 358 419 264 198 16 398 282 243 47 304 104 13 186 464 37 382 454 167 471 498 250 20 15 446 256 336 258 309 13 84 160 175 0 181 91 352 155 39 347 348 458 434 75 106 40 413 298 410 444 172 415 38 484 301 249 253 279 89 211 222 364 496 288 30 346 446 418 377 
431 171 136 93 316 462 488 177 418 173 185 269 13 184 58 213 384 87 311 215 377 452 21 33 334 26 25 359 17 82 403 289 96 160 445 16 204 290 89 442 203 123 446 443 171 103 428 96 281 232 57 459 406 440 188 397 236 198 28 351 212 486 444 289 134 85 189 22 19 388 131 372 135 127 413 55 5 393 56 123 471 346 462 211 68 241 412 103 77 448 108 334 103 188 171 172 386 9 174 466 
467 90 66 232 186 497 342 101 112 118 212 145 446 412 124 143 77 339 200 355 25 464 163 275 15 54 488 491 424 446 286 301 70 298 386 237 489 297 304 291 470 174 362 379 323 201 25 301 492 50 261 220 408 150 207 282 243 243 1 18 478 87 302 162 391 242 318 468 103 235 492 398 266 289 283 261 449 167 466 134 381 23 307 486 19 358 413 140 199 318 84 388 246 412 118 319 39 256 292 492 
285 271 254 413 333 291 451 286 65 209 403 236 161 272 286 234 77 120 233 237 340 105 351 190 47 277 213 184 201 271 274 134 449 349 22 194 481 305 345 170 374 443 411 107 291 110 149 300 463 220 347 404 129 63 380 71 166 58 493 346 109 247 201 241 210 58 116 9 365 89 183 458 8 237 420 119 8 217 86 311 483 390 215 114 378 216 292 436 314 311 444 497 40 48 13 222 337 4 171 267 
453 468 183 218 223 103 476 355 126 70 19 188 411 347 452 442 443 188 138 213 131 76 407 40 81 333 386 473 300 244 285 16 258 367 302 469 276 74 480 467 7 47 377 70 143 449 295 177 493 435 280 121 417 73 110 448 132 364 231 181 494 15 332 479 67 236 232 96 314 360 488 52 359 58 324 426 73 346 64 478 7 245 8 136 169 6 401 172 137 233 233 291 475 71 345 253 284 201 169 203 
182 122 371 114 360 342 28 444 455 96 3 378 474 238 155 260 346 296 479 1 353 362 8 306 264 46 476 109 54 181 44 184 382 40 427 260 308 6 124 139 273 245 404 353 497 134 253 14 264 41 434 131 347 8 212 451 40 127 228 424 368 391 295 194 116 171 266 311 310 492 253 248 169 284 482 482 188 217 374 217 240 95 436 201 195 27 5 9 411 377 226 17 494 221 56 175 12 357 425 422 
215 71 60 334 485 420 306 290 471 140 289 438 213 256 314 455 358 376 246 289 181 150 483 349 280 50 4 96 124 356 220 194 254 79 422 218 452 79 296 172 119 349 276 8 87 238 248 47 35 305 69 87 279 441 361 484 119 430 50 180 170 406 426 330 167 220 422 439 267 400 492 165 411 161 113 45 195 39 37 34 7 435 72 26 168 498 308 197 214 173 76 444 98 465 405 479 239 261 215 134 
53 203 322 212 207 225 317 229 28 73 67 119 364 183 128 219 365 17 466 369 314 495 464 159 478 168 331 161 100 73 388 194 326 60 298 166 376 252 140 193 42 235 376 407 476 99 309 69 189 410 21 323 210 140 104 122 80 135 341 303 393 85 266 0 102 455 87 19 401 321 69 397 318 369 125 381 291 69 494 201 280 37 51 452 6 488 118 188 367 202 351 474 371 98 213 224 254 392 442 170 
42 78 366 56 167 266 326 195 299 4 228 102 278 474 286 395 154 215 99 202 232 152 201 149 264 244 293 97 385 55 3 160 372 498 257 143 61 472 342 145 306 220 364 213 252 13 7 361 347 366 142 264 226 487 83 445 183 451 74 340 260 77 262 400 6 156 207 189 400 210 427 168 159 60 220 265 393 430 417 233 356 279 385 301 329 422 308 117 480 16 395 160 302 304 98 15 140 194 452 215 
281 152 451 144 287 274 84 284 394 146 306 72 265 163 394 229 485 122 273 366 124 333 261 130 399 337 245 464 210 387 196 33 191 455 407 20 393 137 18 279 301 367 116 310 239 59 242 222 31 465 298 496 322 96 20 273 99 421 285 384 305 39 378 478 83 257 371 189 493 25 49 324 432 215 340 18 413 337 5 278 266 48 287 450 398 363 452 138 147 318 459 318 216 322 443 142 335 343 75 218 
147 146 244 15 191 292 162 177 75 203 263 117 383 183 496 348 453 260 305 100 446 474 323 183 388 240 108 178 489 285 102 280 264 345 372 167 248 152 350 406 486 460 63 20 268 131 336 219 130 277 402 257 328 47 356 71 235 130 250 226 281 300 390 187 259 224 437 425 365 293 23 270 289 475 190 254 7 98 304 195 385 472 465 494 321 147 392 213 24 158 328 449 373 122 29 462 361 256 214 457 
302 469 459 168 100 218 469 416 112 313 284 120 487 464 20 493 382 133 77 214 328 325 265 72 91 401 428 465 376 281 449 418 477 111 248 177 420 488 154 322 485 381 12 404 14 241 332 154 395 45 484 353 233 232 416 39 223 499 151 466 390 168 156 488 472 99 407 13 488 417 273 311 496 193 112 442 325 123 132 472 170 370 37 319 438 77 482 121 215 34 381 406 67 419 52 176 330 65 268 67 
392 237 128 52 173 52 59 460 121 262 390 164 181 82 280 171 383 358 59 78 177 301 388 372 113 336 393 210 256 89 318 104 496 12 181 432 274 480 183 130 116 142 112 238 363 368 108 146 393 169 51 195 181 311 326 85 282 85 367 341 113 431 131 295 477 370 474 400 149 248 466 229 369 347 7 225 313 96 307 84 495 208 330 48 225 258 240 412 138 400 238 382 497 103 433 453 90 307 477 123 
413 272 477 477 449 257 19 413 53 387 11 268 137 1 271 236 471 121 222 355 55 380 165 400 360 297 305 29 368 383 434 98 307 256 404 465 2 388 364 151 306 307 477 354 203 410 451 348 6 256 323 130 455 152 117 452 423 189 411 152 385 491 95 345 266 280 90 426 258 321 262 275 449 337 312 175 230 126 254 31 115 39 145 22 69 482 298 190 261 403 71 358 67 389 139 103 154 480 197 0 
453 466 364 412 60 245 282 167 262 441 264 458 276 26 442 259 442 197 380 217 414 12 456 18 114 402 321 173 31 100 271 2 401 336 363 447 142 212 1 210 153 443 301 288 328 257 287 476 393 493 307 197 83 70 359 448 36 419 330 146 386 440 481 120 464 8 187 324 359 400 171 54 73 124 456 243 140 452 444 146 322 94 454 87 431 351 460 373 123 462 358 371 98 444 115 415 82 156 232 206 
72 155 146 362 465 236 291 64 174 316 493 220 441 360 42 63 282 305 255 157 279 85 332 183 12 40 312 159 469 290 434 85 300 71 134 432 354 435 368 485 353 267 365 487 239 215 420 92 121 138 164 267 146 243 222 479 398 141 102 227 155 249 428 442 295 426 465 204 342 173 256 298 65 174 418 411 283 183 9 471 395 464 191 152 218 151 426 447 190 69 363 136 480 240 356 281 202 210 354 332 
275 234 223 50 323 354 90 363 186 353 204 448 444 153 459 328 31 163 385 262 284 402 96 77 326 269 360 165 324 401 332 265 113 271 76 46 334 105 442 87 102 143 364 62 73 20 213 254 163 230 471 124 466 162 421 383 391 439 285 379 161 154 88 170 90 498 324 417 2 445 386 5 269 110 120 413 13 97 317 30 8 332 364 26 222 323 77 293 414 418 282 266 177 341 430 348 488 465 284 248 
160 69 489 138 199 339 341 322 156 328 255 165 1 85 444 484 232 107 426 420 216 278 205 427 229 86 18 478 167 318 166 219 67 424 137 225 214 280 131 169 322 213 131 307 159 169 94 270 334 384 410 52 392 83 408 21 100 157 363 178 29 271 258 229 375 372 136 335 488 219 330 89 28 128 400 207 40 96 203 178 30 41 398 348 386 69 216 161 271 342 134 440 292 402 50 203 469 24 111 487 
433 271 281 11 485 201 139 366 251 478 395 67 51 146 74 413 114 0 225 287 417 341 351 397 448 357 301 392 159 440 74 67 307 115 66 118 30 8 44 83 205 259 262 11 22 19 10 186 145 241 267 130 338 106 386 89 67 111 470 269 384 128 424 139 148 69 35 119 462 341 199 371 364 216 168 378 262 356 166 52 286 254 178 375 66 269 231 195 35 239 22 329 309 80 147 372 303 244 473 14 
45 208 40 346 267 455 212 97 483 409 317 266 157 336 493 33 26 215 266 72 279 151 461 129 32 468 113 146 469 352 436 290 399 66 86 67 230 185 232 84 397 74 164 261 227 116 21 141 373 238 454 179 272 354 222 480 40 216 315 408 313 169 251 495 377 85 51 198 150 447 66 10 73 499 491 341 203 284 343 490 387 120 184 189 297 152 283 183 53 428 61 319 387 107 216 434 258 155 425 81 
198 343 255 108 310 280 434 485 409 170 200 129 313 87 392 342 218 217 50 134 416 424 119 410 19 374 325 435 482 110 125 461 394 347 414 134 337 462 53 45 178 396 415 398 54 121 170 357 139 54 472 180 436 241 36 122 46 10 151 350 418 272 186 193 267 494 57 331 4 71 223 14 421 188 239 196 210 112 230 22 49 265 1 498 350 129 286 303 187 155 198 321 129 139 462 70 156 419 2 3 
397 48 209 96 94 333 195 375 310 206 135 106 443 483 21 483 52 290 423 172 171 50 206 215 339 465 495 263 249 324 306 443 28 390 359 294 466 255 44 117 273 458 339 445 362 244 223 360 172 406 124 357 36 497 222 490 236 413 378 346 242 44 225 3 67 431 213 361 116 405 282 355 251 407 376 354 192 381 1 108 194 75 221 395 136 133 460 326 401 167 127 303 412 175 287 58 384 333 359 385 
400 105 409 52 325 347 403 218 99 324 17 196 64 143 93 230 367 463 170 196 110 287 306 492 310 217 24 205 7 131 4 93 22 274 392 190 197 213 499 133 59 107 136 152 196 444 314 141 435 285 73 364 333 388 171 442 337 466 203 367 158 112 282 425 427 128 240 9 306 425 294 65 322 324 494 27 357 453 38 157 362 269 160 45 204 233 293 327 400 318 61 493 223 282 139 426 442 252 394 42 
13 155 70 125 258 137 230 130 316 398 6 374 444 145 393 88 14 63 401 459 255 1 338 250 317 324 412 12 136 292 332 113 76 487 464 327 243 108 454 60 232 490 382 331 55 247 466 24 19 107 40 58 434 111 278 135 413 174 21 310 423 265 234 265 214 222 232 96 463 331 8 174 193 87 145 172 385 238 81 214 404 237 175 215 282 5 129 400 446 448 309 53 498 483 322 138 307 374 250 495 
420 497 9 351 484 296 201 254 397 114 208 238 244 381 93 466 186 209 338 320 316 210 206 149 362 359 282 58 200 212 14 229 425 130 309 264 315 209 268 1 136 203 251 3 116 76 233 220 382 12 127 428 47 44 490 377 333 403 272 210 360 381 139 409 67 122 228 108 328 99 455 316 189 433 388 405 450 412 154 293 347 375 450 47 360 178 98 157 270 193 254 5 219 79 326 288 13 161 321 300 
323 184 490 440 456 296 297 402 144 126 233 372 404 249 0 26 438 92 50 122 345 439 357 373 406 383 199 293 475 35 454 352 63 169 221 56 113 152 396 167 290 207 2 322 421 221 472 236 90 447 485 472 43 347 480 306 208 158 198 457 245 364 153 263 472 206 347 453 185 425 67 439 370 54 381 414 347 249 300 306 86 421 201 118 391 59 65 249 305 143 151 256 124 136 487 58 134 200 458 363 
471 139 235 475 66 86 105 25 369 279 418 155 396 339 76 77 229 481 482 10 146 133 5 37 259 367 259 284 366 197 224 389 84 114 255 294 486 137 67 474 291 201 231 228 112 10 343 40 441 152 108 116 266 302 329 289 74 210 475 282 107 499 474 7 214 75 25 202 432 290 12 454 194 162 147 225 56 457 122 340 224 408 55 120 433 73 311 407 306 379 213 111 261 120 120 174 296 4 407 263 
138 309 302 65 469 446 78 405 214 187 420 448 317 185 475 97 76 354 223 464 2 424 450 196 161 258 461 414 107 23 38 334 227 441 153 46 320 133 136 481 498 122 63 245 273 287 219 416 86 197 261 135 22 491 202 377 66 360 187 426 9 350 486 27 288 116 439 313 495 403 8 28 246 165 297 19 223 46 377 469 479 442 169 5 271 62 25 357 128 285 32 319 368 235 127 477 336 245 346 388 
55 304 11 75 496 203 455 429 75 162 39 135 3 73 114 102 428 447 103 60 231 147 425 341 135 60 305 113 315 457 220 232 103 412 73 442 175 306 221 44 13 435 70 354 299 326 117 57 289 292 231 472 420 5 110 379 299 275 331 119 97 58 23 184 56 172 18 8 444 489 435 107 106 229 266 91 434 385 50 142 391 72 103 62 166 367 486 497 166 391 58 201 447 377 36 218 372 126 210 141 
354 288 289 467 161 241 462 298 209 150 405 39 385 131 217 97 138 225 271 132 316 324 270 362 396 386 230 486 93 151 16 234 153 151 326 415 298 33 232 486 46 238 329 369 199 340 41 363 127 19 371 128 443 17 291 88 296 309 395 13 303 152 237 203 249 474 479 348 218 198 114 424 335 175 288 95 38 477 281 404 425 137 243 468 485 248 181 196 36 319 169 231 360 203 482 255 247 173 32 337 
164 233 421 135 356 46 364 119 184 113 376 93 216 451 231 45 225 160 235 453 359 34 385 247 474 410 56 87 446 345 157 96 425 428 165 240 351 44 298 181 272 152 269 486 381 282 299 158 492 230 218 223 205 328 155 274 129 243 274 222 38 496 110 242 99 409 165 275 226 147 182 270 403 99 177 234 459 432 66 212 388 264 166 92 479 483 15 431 387 472 219 405 412 191 302 269 100 399 175 139 
349 249 459 174 67 56 248 14 187 118 202 91 135 367 119 434 208 269 352 15 322 0 174 440 419 139 230 113 383 453 449 453 210 225 195 124 491 156 402 453 459 309 29 246 425 47 317 149 384 169 176 193 121 26 428 118 268 262 10 313 485 229 16 396 267 434 72 261 483 203 330 276 405 187 224 305 333 108 272 430 196 383 345 310 249 352 5 291 165 238 414 86 181 178 372 137 171 150 163 96 
164 494 158 462 241 350 119 73 443 455 231 456 223 290 108 46 177 377 201 301 212 153 30 20 131 156 17 135 467 360 392 50 465 263 316 248 217 413 93 190 419 286 447 201 473 24 297 328 29 333 279 313 204 81 101 378 3 279 418 143 394 72 267 218 94 472 401 393 175 171 220 275 202 207 372 158 186 128 167 385 402 248 241 450 98 309 457 64 278 299 317 400 120 170 219 301 340 19 317 219 
186 138 386 285 43 116 498 117 227 166 292 156 238 18 357 425 313 72 80 123 247 32 420 439 9 326 498 406 34 66 435 263 483 273 368 84 42 247 284 318 423 346 362 454 27 407 100 409 161 324 271 7 247 394 208 48 318 124 274 319 52 140 133 127 261 252 294 211 39 163 196 133 495 165 226 230 301 476 214 128 383 232 254 307 425 134 361 74 34 364 304 461 119 100 253 435 340 3 179 346 
491 296 164 117 394 493 316 113 403 347 447 370 450 412 336 24 9 62 98 122 270 99 427 362 430 140 144 299 4 98 393 274 94 141 161 386 196 491 452 370 221 281 246 109 226 464 215 66 467 359 341 283 368 23 177 30 333 51 426 389 466 361 190 223 390 28 91 313 209 231 37 410 491 335 332 178 235 168 401 175 152 270 280 246 299 353 132 40 416 457 383 404 97 332 143 328 237 384 397 98 
134 270 132 281 190 199 161 135 466 289 331 346 387 137 76 382 28 254 30 145 348 46 142 294 234 499 16 98 498 201 493 124 134 110 381 206 409 95 425 328 334 37 293 405 380 138 161 428 381 300 225 41 72 106 496 268 372 298 121 448 154 339 61 372 497 473 316 282 248 377 88 361 415 109 426 53 80 47 434 71 145 89 158 259 149 25 9 361 167 382 425 167 423 222 218 309 244 293 357 12 
388 199 46 397 482 149 492 469 282 170 33 329 304 163 424 239 110 255 249 61 239 385 250 487 411 107 120 196 54 456 472 41 52 312 2 320 466 482 405 170 326 482 364 435 2 284 205 367 371 349 484 222 369 393 302 11 426 348 427 48 303 329 320 457 276 299 129 343 264 182 130 347 328 218 304 455 312 123 67 360 88 189 22 377 32 436 142 483 427 134 230 174 260 192 378 415 140 114 299 434 
162 275 323 65 21 252 233 173 234 104 199 153 34 492 138 125 364 264 182 324 114 486 198 406 387 112 278 51 305 4 192 48 146 231 188 63 109 19 267 432 462 135 373 11 220 307 113 120 198 107 221 94 35 254 396 63 383 303 4 70 438 49 187 202 127 8 84 222 178 287 257 101 354 303 285 149 274 48 195 470 25 147 181 224 479 124 462 293 29 460 124 424 56 465 438 435 482 277 492 62 
326 424 61 304 461 146 446 149 65 161 404 112 33 243 332 91 385 146 236 198 111 495 361 96 486 264 63 44 442 122 244 10 460 130 269 188 264 416 257 271 76 224 228 470 338 239 335 407 397 438 64 239 304 268 328 87 296 290 419 116 239 378 60 135 68 438 246 425 401 115 471 148 67 151 158 295 217 230 166 95 44 447 24 335 481 391 185 428 438 488 134 496 498 367 244 180 147 210 288 248 
479 160 261 52 111 149 191 24 177 458 492 451 360 184 433 192 208 353 16 168 105 132 303 52 269 284 220 226 308 411 230 341 223 451 86 198 54 294 291 224 351 414 299 180 196 299 111 310 179 464 489 155 336 99 28 443 303 381 335 332 136 337 378 483 131 104 325 175 363 262 194 380 66 270 457 90 477 3 382 178 354 377 195 180 215 330 143 354 273 323 486 127 365 349 38 443 18 184 209 442 
471 24 68 340 346 451 191 200 409 340 38 112 11 301 8 175 103 363 489 456 285 488 457 218 205 173 255 245 236 201 91 404 468 190 156 403 375 59 345 135 239 186 106 379 469 122 222 249 207 304 374 482 370 205 188 282 212 103 345 472 494 421 211 337 145 128 136 197 266 183 151 426 332 249 156 344 397 178 254 114 279 391 378 151 488 286 167 207 484 30 56 464 195 18 125 424 179 376 186 108 
326 323 424 50 290 337 186 358 432 19 371 390 348 394 48 12 28 260 305 484 435 409 175 86 207 422 45 489 20 3 491 5 59 0 138 51 300 358 237 262 371 415 195 371 289 216 438 332 305 101 367 282 20 66 227 226 23 8 34 265 166 445 238 90 94 180 347 416 355 17 48 491 206 81 0 228 218 288 334 440 63 466 469 408 8 120 204 295 134 99 46 124 425 434 317 51 290 245 228 41 
497 384 401 470 355 484 379 35 404 180 29 152 11 300 347 311 210 95 370 230 120 237 383 77 148 107 386 368 399 361 345 463 309 96 6 111 168 6 348 276 318 291 283 343 480 422 393 347 250 7 457 222 329 177 470 313 35 90 111 44 138 342 113 90 455 390 152 421 420 278 239 308 48 317 127 378 34 171 47 47 65 276 469 292 2 159 314 159 26 185 354 71 114 251 338 273 376 100 23 128 
48 76 40 163 458 90 331 180 362 69 172 279 133 154 109 179 38 335 349 84 178 254 19 270 167 99 138 201 359 360 379 22 219 232 90 244 493 238 129 430 383 351 253 88 249 189 354 380 34 109 357 196 54 459 212 449 262 348 58 42 200 169 412 108 225 222 350 400 408 257 30 64 177 5 322 194 246 297 416 255 49 65 207 10 66 327 75 439 326 441 494 31 276 90 85 457 54 238 365 314 
200 208 10 77 253 395 371 456 274 226 11 79 267 3 155 183 134 217 186 365 447 2 425 348 274 57 99 427 391 457 100 115 247 249 48 221 277 441 439 71 292 324 91 493 336 243 345 314 259 91 159 106 177 175 257 82 158 65 158 134 347 269 378 303 171 105 130 237 384 207 456 482 304 468 307 88 333 214 5 72 252 204 347 67 193 248 440 193 204 442 166 183 194 479 102 53 208 101 438 461 
363 473 236 202 359 436 120 17 493 130 482 104 470 216 69 444 402 493 119 280 269 116 335 238 169 412 63 182 332 159 465 448 204 271 180 419 352 74 190 455 248 157 281 395 312 279 151 456 373 166 486 120 484 79 308 254 131 302 174 377 137 37 403 279 54 313 344 496 187 288 449 103 191 137 490 104 490 485 419 43 332 204 157 128 294 191 270 176 405 407 467 2 223 285 412 93 489 27 99 402 
81 88 29 185 145 400 49 32 296 418 438 242 206 25 331 361 490 108 337 471 9 125 326 63 36 93 459 251 50 58 475 280 329 348 333 412 290 488 54 155 299 298 240 309 380 230 330 15 68 122 433 132 125 110 290 470 266 212 446 209 168 496 350 415 3 206 270 56 39 163 452 320 110 178 397 327 368 172 360 229 444 54 450 478 360 461 449 275 484 225 43 374 471 419 493 230 256 469 217 415 
463 364 276 16 190 208 448 333 377 149 214 247 275 358 247 14 19 493 81 171 3 318 427 446 248 81 256 58 14 205 283 38 98 15 250 138 273 69 403 191 311 143 340 222 260 287 458 340 297 240 283 490 482 6 474 455 250 224 379 138 56 386 355 272 337 487 378 491 373 114 40 288 2 117 269 446 179 230 449 275 354 181 38 7 89 369 99 110 389 34 221 83 163 280 52 215 302 138 356 286 
386 185 376 232 211 18 155 386 393 369 57 468 279 12 184 370 109 355 420 222 274 185 495 181 201 487 193 259 316 271 196 340 178 32 163 228 90 208 304 151 1 222 158 286 318 145 212 333 64 476 323 85 404 28 301 359 77 207 407 53 320 370 65 181 235 233 156 432 21 66 73 221 219 403 59 158 418 440 429 393 96 112 165 287 475 167 323 186 12 240 254 1 260 207 448 172 49 166 349 95 
50 116 10 251 272 130 378 267 448 473 300 85 353 172 342 173 416 350 401 137 36 450 66 102 167 163 253 353 190 74 468 422 148 402 478 269 231 182 429 90 210 305 373 455 62 198 181 110 241 113 227 61 227 266 179 40 109 440 472 174 44 265 246 212 484 380 231 16 444 439 265 90 199 174 83 83 495 299 16 492 201 136 76 249 205 18 396 61 243 351 216 220 270 415 151 218 349 258 139 32 
303 345 210 60 35 37 256 298 468 184 217 268 5 351 417 366 400 299 294 466 456 229 487 490 377 496 119 251 35 192 427 336 49 212 55 244 71 67 30 32 146 391 357 113 455 406 498 483 326 106 381 50 28 352 367 82 112 348 125 148 226 286 439 321 197 416 98 481 86 418 202 88 432 26 244 256 118 129 259 45 271 461 473 91 240 450 329 308 107 143 114 37 303 360 139 18 40 165 137 332 
288 160 188 483 346 59 190 420 186 333 456 172 333 258 86 465 459 1 465 85 466 385 267 265 305 451 378 100 253 267 441 148 10 379 488 68 185 28 278 383 316 276 0 391 426 220 7 37 53 399 218 5 178 374 497 241 200 309 362 415 216 130 14 74 351 309 489 372 20 300 294 449 55 435 120 335 238 171 262 427 283 250 422 31 470 82 495 164 189 136 377 450 461 190 132 241 35 200 201 98 
307 378 24 143 183 235 468 311 303 462 341 314 336 416 259 35 418 473 416 455 327 346 136 333 261 56 306 342 215 486 482 55 474 28 261 353 105 350 280 304 203 351 241 135 132 436 266 67 143 416 419 93 134 341 167 101 467 326 17 57 6 314 349 459 30 381 264 382 188 370 180 402 25 157 229 81 448 298 403 277 40 341 401 83 327 431 421 162 475 273 286 125 184 280 134 201 330 205 335 399 
228 366 376 100 474 264 275 137 23 242 410 493 86 14 494 185 281 182 168 367 494 198 294 275 185 232 56 278 239 260 204 59 182 393 463 302 261 424 349 79 61 420 486 184 335 29 102 450 300 337 294 173 43 0 72 26 410 198 225 129 164 478 377 275 469 153 158 321 214 453 428 170 122 236 113 225 353 316 61 187 117 392 112 212 418 178 275 155 150 422 331 67 129 51 360 18 401 365 65 341 
133 267 224 198 267 42 229 365 15 170 14 495 427 22 214 255 264 298 170 265 430 328 455 43 130 344 129 249 218 197 104 221 203 79 185 280 179 138 55 296 46 182 306 231 282 121 151 482 232 291 154 413 164 128 29 186 316 479 434 220 393 33 82 194 347 271 31 484 275 40 235 313 409 314 53 274 2 28 257 446 322 153 199 214 198 411 373 263 38 449 222 206 289 437 465 167 337 452 413 437 
93 249 496 121 184 89 339 297 32 335 286 375 310 211 245 77 340 51 158 415 264 311 212 276 431 225 263 421 490 171 292 60 407 443 455 99 460 131 484 227 243 47 115 136 285 127 200 362 253 301 177 226 7 23 129 217 306 393 413 144 397 2 60 224 381 287 81 0 403 128 348 285 204 418 436 238 146 160 243 60 137 202 342 383 90 39 397 378 330 153 203 431 266 123 417 166 373 394 228 216 
228 136 222 179 445 385 97 96 70 170 24 80 12 472 185 19 381 445 212 398 79 202 4 19 278 272 263 342 173 322 105 314 456 275 171 176 356 368 333 267 80 82 461 157 435 281 322 101 25 431 273 138 58 414 382 283 496 59 465 231 497 117 39 2 425 497 495 301 289 236 198 483 244 382 442 320 280 12 293 310 281 248 481 285 234 150 179 275 260 423 201 106 487 38 480 397 246 123 266 101 
58 303 130 79 138 463 93 316 462 300 221 197 417 479 9 285 235 219 164 421 187 136 77 262 485 25 226 451 111 267 487 149 373 139 458 299 223 477 309 454 478 195 351 187 282 42 263 67 350 376 189 51 240 33 242 484 490 269 466 363 257 146 472 308 102 222 94 332 198 445 221 298 330 460 47 416 498 452 423 393 62 396 262 405 391 320 43 383 431 376 240 170 231 309 463 431 343 286 337 470 
75 253 162 203 409 75 25 355 272 57 335 243 283 433 474 328 228 264 370 292 431 469 476 48 393 438 245 430 358 242 341 412 215 319 4 50 36 272 157 153 117 305 417 424 122 158 306 376 348 233 41 102 274 316 185 348 380 211 302 204 299 485 412 267 485 425 355 206 226 427 130 365 59 208 58 233 346 458 90 476 390 160 418 230 440 437 36 330 139 475 157 445 316 93 407 15 333 457 58 368 
423 168 57 420 237 379 347 490 419 367 278 428 111 111 95 348 338 336 282 127 466 105 304 139 419 161 374 311 252 362 427 183 499 71 98 153 68 492 141 306 197 472 442 478 5 415 368 383 303 161 293 279 166 347 201 255 347 429 176 451 45 151 44 396 255 196 105 77 242 92 75 49 269 237 274 472 419 304 111 92 332 81 97 465 354 8 81 60 1 389 67 140 60 474 462 239 150 16 246 308 
301 19 479 380 114 378 85 202 470 307 90 218 151 442 40 274 458 32 412 340 475 213 149 454 457 274 273 467 109 253 76 405 329 250 191 215 409 327 272 65 92 318 115 262 115 309 120 201 218 123 165 407 260 325 183 412 441 363 0 360 214 348 5 32 220 55 49 225 257 464 423 132 296 31 264 283 269 231 190 115 151 121 50 330 305 329 477 371 63 349 209 223 479 422 327 30 380 308 130 411 
422 386 406 384 370 4 49 98 91 166 186 327 120 198 473 237 492 314 299 130 116 476 430 152 380 309 191 379 329 479 477 260 400 135 245 173 147 363 24 46 20 96 236 486 266 358 151 475 360 46 428 130 7 284 164 230 247 63 96 198 93 338 176 285 44 472 119 490 306 98 440 493 120 412 16 184 272 169 0 221 145 10 106 451 384 414 219 102 182 487 468 284 50 288 241 254 205 142 257 272 
