470 320 252 412 360 454 443 338 376 152 441 328 403 416 398 98 163 251 197 452 41 490 116 267 460 441 443 444 428 283 250 327 263 278 433 68 111 407 241 489 68 297 24 380 318 79 413 108 18 338 310 390 326 183 270 211 159 21 14 170 131 379 238 31 238 65 356 13 420 383 88 412 188 349 434 199 99 125 480 351 352 498 143 274 342 139 269 437 122 363 361 380 495 66 438 47 200 68 47 392 
477 437 206 440 312 77 59 206 301 240 275 455 203 36 210 27 278 289 206 290 314 37 274 390 193 218 354 324 424 9 3 409 397 144 361 355 25 347 326 381 212 286 362 455 158 122 257 97 213 13 329 486 10 138 13 75 324 189 341 217 302 475 223 488 493 494 246 113 26 56 132 495 13 113 389 28 414 457 269 457 191 175 6 380 262 434 380 300 184 321 377 491 38 350 177 147 272 458 404 6 
23 5 377 40 115 247 159 221 377 378 234 371 380 122 457 272 202 453 337 256 498 133 56 14 77 386 103 129 134 224 233 269 305 20 161 69 322 238 61 63 334 52 376 322 217 117 253 68 275 91 426 88 149 361 95 133 478 399 478 464 211 392 15 10 435 67 124 390 99 277 139 381 81 210 155 123 225 401 355 77 200 345 385 0 217 457 330 497 78 37 478 440 492 350 119 246 57 137 141 102 
373 40 21 216 262 150 34 73 161 435 111 290 278 273 190 255 247 88 449 233 24 49 355 407 464 399 69 133 128 357 57 330 0 455 455 248 298 71 214 33 208 127 185 29 120 36 323 301 369 140 260 342 8 13 25 198 240 53 241 2 379 153 220 185 496 362 76 28 153 469 131 83 210 369 397 98 78 358 498 219 254 176 190 195 70 110 175 444 162 45 363 326 390 352 250 340 74 317 374 285 
369 171 457 130 207 234 418 138 156 332 205 5 155 13 56 341 491 85 498 294 236 56 318 180 481 274 199 491 141 360 187 386 36 71 404 338 400 276 42 465 331 344 130 250 330 145 26 468 398 280 422 159 358 16 307 353 321 143 390 321 230 211 12 340 53 464 115 360 184 268 447 266 426 420 466 303 158 285 120 171 463 105 343 237 422 38 186 468 157 15 189 74 103 343 428 62 365 442 239 176 
151 395 130 442 309 110 408 35 251 397 246 186 171 334 429 484 182 415 163 363 478 474 354 251 187 406 405 109 226 162 197 21 286 128 243 192 161 104 390 307 114 322 395 159 281 41 83 417 122 226 66 243 350 9 222 144 331 1 493 212 438 378 142 120 268 82 57 465 436 153 346 75 446 454 252 103 133 201 179 272 384 426 342 190 192 170 61 264 317 249 169 440 381 215 201 257 473 359 197 44 
209 109 181 478 107 66 13 213 379 50 359 112 310 261 292 460 425 342 446 220 388 412 457 341 442 361 1 239 437 42 176 390 21 119 71 20 190 219 334 86 216 192 272 222 132 118 372 216 19 473 118 108 412 240 73 298 357 69 173 398 125 395 320 67 302 469 392 427 374 116 455 161 383 330 497 445 44 405 354 495 21 380 126 47 454 463 281 372 174 457 318 287 429 397 381 118 219 238 292 176 
375 480 199 352 165 466 424 382 404 210 166 240 59 209 484 413 40 495 268 494 182 479 308 322 203 14 197 424 289 142 154 346 498 449 316 411 461 3 371 424 31 69 319 36 270 442 176 143 361 499 39 309 52 149 483 138 197 389 258 4 71 157 135 194 46 374 368 36 411 106 235 488 138 2 483 411 333 122 228 161 262 283 254 260 464 85 418 128 86 383 374 323 401 432 323 79 447 359 308 24 
235 305 308 478 363 477 176 228 312 160 362 450 289 443 425 40 410 234 463 243 11 338 239 216 231 373 346 343 94 188 244 122 198 1 422 357 312 446 3 28 243 302 308 483 413 451 416 445 195 144 200 192 2 315 170 196 254 293 300 122 73 361 331 175 143 122 181 78 249 41 492 258 11 87 64 291 35 335 14 374 167 194 182 475 57 18 370 110 241 264 52 42 331 326 151 478 459 465 120 420 
97 379 486 7 276 191 331 395 18 267 289 208 484 62 233 79 64 439 129 251 44 263 404 52 77 15 98 425 40 156 48 152 244 254 487 270 276 122 312 106 82 135 499 430 120 95 376 320 373 251 353 87 292 328 462 59 149 308 493 88 436 425 9 297 238 483 345 148 65 184 217 261 179 79 489 433 90 365 445 468 266 340 339 421 156 333 35 328 78 301 472 448 399 294 51 440 324 27 265 452 
470 49 256 452 190 151 222 248 455 384 434 384 415 276 235 2 388 212 202 314 92 38 58 89 295 425 458 153 405 96 107 331 132 221 342 62 422 388 52 316 121 192 148 155 454 145 309 181 53 271 13 295 44 48 165 306 270 272 249 335 313 352 46 413 269 36 159 0 343 40 145 216 238 430 91 154 181 217 216 23 222 145 18 75 285 37 287 464 47 393 450 338 77 402 416 125 111 162 127 197 
118 76 326 437 70 68 307 284 124 439 430 427 83 302 274 447 59 467 309 406 395 443 51 344 151 105 399 144 234 368 169 342 70 377 307 107 156 411 3 235 397 279 345 238 333 273 37 495 307 476 199 81 125 142 317 54 422 3 300 445 257 484 179 414 255 109 116 261 80 364 465 187 118 116 174 404 246 460 103 94 360 154 116 344 361 310 480 395 199 83 43 217 76 443 319 150 86 354 437 308 
238 161 175 113 330 316 53 84 377 94 468 109 14 107 234 424 272 331 43 349 456 317 440 55 435 10 454 78 206 407 305 367 107 372 86 277 202 458 433 7 123 471 435 463 262 89 451 261 104 225 211 460 128 393 350 392 123 47 488 481 187 12 109 127 438 395 457 162 401 70 156 380 394 487 205 337 487 335 180 362 152 272 461 225 80 179 327 372 434 252 24 436 262 164 125 219 295 232 482 81 
219 396 180 248 445 371 54 166 269 333 293 216 249 156 271 200 299 295 5 10 51 116 208 42 90 41 249 416 55 446 123 333 180 397 86 330 40 449 226 447 117 215 210 146 277 125 321 464 273 41 141 462 391 267 114 388 259 302 497 166 136 200 350 279 165 479 74 487 60 114 433 164 465 365 7 153 231 260 65 121 150 202 110 294 456 396 359 121 321 19 468 484 5 260 61 267 321 267 428 487 
392 358 390 92 180 115 111 376 79 203 457 301 471 240 410 207 289 297 295 146 453 16 420 135 471 185 232 168 152 101 319 5 469 6 319 32 51 13 71 132 138 235 155 386 7 336 387 84 15 325 242 158 330 333 191 218 124 171 273 415 127 38 76 321 69 480 442 307 68 323 287 73 35 433 353 284 154 191 279 174 33 436 23 110 253 459 278 10 95 442 362 427 141 80 75 160 18 270 183 498 
146 257 83 294 442 471 179 232 309 379 172 372 55 418 236 478 448 328 260 390 329 126 381 416 18 449 116 118 148 194 240 244 93 244 63 67 344 359 339 149 259 230 274 244 105 159 407 261 377 361 339 451 80 147 16 352 11 79 315 234 405 174 44 174 218 194 290 233 232 204 200 52 184 54 415 499 20 344 337 252 356 427 101 388 419 493 156 493 299 356 480 117 283 229 30 439 416 164 109 112 
482 409 401 445 497 77 42 484 179 59 365 498 199 108 255 74 187 21 424 355 258 379 430 87 281 443 371 252 83 499 288 128 479 16 87 123 37 6 490 187 7 153 497 304 116 438 325 253 78 185 218 15 157 232 214 103 248 499 439 45 44 221 447 343 149 128 138 139 304 33 144 42 238 111 7 301 243 431 259 344 291 238 132 0 227 410 160 497 343 379 414 77 14 304 58 0 235 181 170 336 
226 262 80 314 422 479 176 74 410 285 357 372 374 301 303 436 360 163 20 10 234 466 444 97 405 203 248 477 322 443 34 315 428 48 457 218 419 406 288 303 379 446 270 72 384 324 335 432 412 454 130 326 437 440 144 144 58 53 463 62 8 50 88 200 461 197 57 336 363 105 327 119 70 44 271 17 224 57 68 394 96 159 445 196 13 45 403 247 8 244 69 149 200 166 422 406 270 461 10 160 
240 423 281 482 97 422 20 222 74 151 114 214 159 174 78 353 65 162 77 262 451 343 251 339 351 91 133 105 298 74 373 91 274 467 177 378 6 140 297 344 195 285 16 112 170 76 189 96 10 233 62 32 279 134 81 342 259 458 284 262 345 453 482 169 71 251 208 8 36 474 430 411 354 241 395 27 464 387 130 438 307 267 186 425 45 117 250 274 234 193 445 329 443 266 97 73 481 350 143 407 
320 380 474 358 203 166 35 191 1 116 301 263 264 140 280 334 264 276 304 427 432 361 454 317 285 361 366 160 431 136 411 93 185 66 499 66 366 4 492 397 205 487 25 362 429 293 217 211 77 7 441 196 15 91 353 227 490 71 484 389 162 117 487 146 155 188 263 482 316 67 94 389 393 405 480 399 431 32 69 459 87 190 446 385 229 73 184 155 374 138 340 397 457 401 78 367 182 118 111 35 
336 463 368 6 344 256 424 484 245 463 144 347 94 421 455 243 130 137 496 111 146 328 370 496 412 356 359 152 379 141 6 220 219 168 115 41 498 414 6 326 319 288 22 326 58 281 259 354 316 137 304 474 245 83 166 333 399 22 47 348 285 327 34 14 372 222 335 381 492 161 29 316 486 313 251 409 100 260 4 477 433 67 398 338 235 333 440 0 407 199 290 364 136 161 397 496 211 301 68 403 
389 499 347 248 84 405 382 168 71 68 452 49 437 482 300 360 413 417 23 230 163 91 276 131 97 344 152 119 232 341 322 470 145 447 234 22 268 300 472 394 447 431 220 109 130 2 3 183 198 194 65 395 475 199 160 106 259 58 243 47 476 183 108 43 217 400 283 215 267 29 277 439 169 223 44 106 22 150 3 12 10 206 404 6 464 353 104 0 142 169 234 279 26 461 176 70 415 44 278 310 
323 226 93 377 336 66 315 395 40 444 68 38 394 208 197 20 61 487 234 50 427 255 273 28 314 145 240 254 54 206 283 433 23 390 183 141 244 266 475 9 353 303 165 14 321 404 255 461 242 131 487 52 25 150 163 109 13 69 57 91 299 2 286 345 0 49 49 86 118 110 386 316 172 479 268 411 495 482 440 332 260 115 195 21 472 329 293 479 410 135 83 335 52 424 126 220 429 368 461 426 
341 333 265 127 289 20 351 298 244 78 70 241 214 401 497 301 269 288 207 37 301 341 45 63 372 484 264 370 30 73 392 97 261 389 180 127 308 343 127 463 93 44 246 473 248 251 271 458 74 203 265 56 331 253 141 310 16 374 280 283 103 493 354 96 118 213 87 443 378 462 312 217 29 180 260 148 283 24 359 113 478 466 251 180 151 34 337 434 398 271 338 282 493 252 59 407 349 153 62 308 
458 422 321 433 396 271 220 133 86 179 378 149 30 185 264 496 493 180 302 283 132 65 26 171 355 111 490 305 353 309 264 93 284 172 380 470 307 279 122 97 201 474 412 236 176 184 294 233 133 287 244 498 222 61 248 323 389 392 100 322 387 461 242 115 173 454 143 213 497 421 313 419 485 32 48 302 55 467 215 222 196 283 338 475 171 316 295 90 108 252 345 52 438 141 432 62 252 345 39 105 
131 94 30 120 104 77 344 68 236 290 256 276 45 392 230 169 107 368 348 391 335 180 185 340 190 294 354 261 193 22 232 347 67 140 129 323 273 129 394 474 213 89 228 6 393 474 334 257 86 403 171 91 402 263 48 293 451 114 148 448 213 260 389 127 363 157 50 365 13 308 263 323 144 285 369 273 227 221 71 242 128 123 416 229 26 188 365 37 494 246 341 268 339 398 380 192 467 187 121 186 
394 103 483 103 417 244 497 4 383 121 97 349 414 146 86 414 394 441 74 28 250 15 82 5 179 110 147 314 289 456 57 401 295 28 358 400 42 51 53 304 437 30 0 129 52 107 306 465 78 105 77 407 383 495 103 350 82 167 263 22 135 439 391 231 408 4 160 248 497 7 329 221 82 405 211 123 76 53 321 343 391 132 283 410 146 480 24 368 279 441 412 136 40 292 79 107 470 212 200 279 
418 90 41 102 285 496 327 395 220 250 261 380 223 1 104 260 326 172 353 299 10 100 174 0 165 422 161 66 260 234 491 346 403 34 453 44 58 424 217 300 375 445 110 315 281 330 187 474 299 297 413 254 327 412 168 176 133 383 297 319 406 184 281 360 410 250 484 246 262 374 483 450 130 102 438 332 310 66 150 323 174 222 186 21 327 13 484 95 496 14 267 415 45 76 90 223 162 134 175 281 
264 129 233 251 232 329 467 185 372 454 379 372 486 102 270 29 185 103 248 403 466 299 470 150 392 188 174 124 276 29 150 164 244 304 45 360 125 290 43 335 70 104 499 208 163 7 350 114 122 178 21 4 452 474 159 387 439 198 488 281 259 497 189 52 463 349 497 464 181 61 92 121 320 461 370 408 97 452 266 215 400 406 403 364 57 456 242 166 27 316 65 202 119 313 424 241 224 311 442 269 
201 167 467 285 351 69 87 108 109 205 209 217 365 215 193 200 10 179 211 437 271 385 101 114 489 201 338 398 107 301 164 275 412 346 67 443 434 269 252 467 178 214 457 144 369 134 197 259 37 224 409 285 99 45 64 342 195 101 305 135 308 33 255 239 239 91 450 156 154 35 199 134 249 411 476 159 379 325 257 74 492 424 106 441 483 36 158 162 32 401 315 206 264 318 239 441 228 307 290 356 
369 372 37 84 157 445 15 66 371 482 382 440 423 21 116 39 476 466 358 409 413 242 445 232 258 496 411 184 429 148 384 382 289 421 38 14 166 374 246 346 401 163 388 171 340 49 448 355 405 203 342 211 452 174 194 248 351 79 341 297 50 184 112 447 166 385 318 411 272 11 460 119 301 226 59 107 381 450 158 74 179 287 56 186 224 2 112 460 182 340 259 399 189 233 242 170 26 299 388 56 
96 152 35 108 484 430 146 345 146 118 457 288 481 286 417 471 465 443 169 180 167 185 474 367 412 65 429 116 479 301 338 484 221 238 1 18 174 62 174 309 161 427 411 460 343 368 344 1 304 231 190 165 70 87 225 64 210 394 415 184 444 126 186 257 391 459 439 120 369 12 403 142 116 471 470 463 37 302 263 229 100 16 83 275 164 350 258 219 236 422 326 219 118 38 225 456 279 225 389 131 
151 267 97 49 394 289 439 344 452 186 332 138 105 428 180 45 300 379 355 476 105 296 143 169 8 436 483 191 484 158 438 174 143 379 488 453 308 137 206 488 251 454 181 462 304 85 129 420 374 408 233 342 93 380 466 425 470 322 223 362 338 296 64 478 14 268 44 107 365 487 351 258 410 100 440 461 304 245 233 215 363 239 380 314 137 486 282 20 368 455 447 356 262 194 129 447 243 418 272 250 
465 259 269 87 218 222 281 188 409 190 381 387 250 38 252 375 135 410 433 89 111 36 425 354 175 320 82 392 390 377 381 451 205 89 210 119 238 50 42 451 119 147 117 103 367 39 344 338 150 396 377 213 454 487 398 60 425 393 259 498 23 97 315 230 375 329 344 101 382 310 97 117 95 24 301 100 91 341 86 270 435 368 159 379 198 173 342 201 484 83 348 392 327 290 58 166 429 47 428 225 
303 397 60 275 425 249 449 58 341 339 444 264 140 38 247 412 150 218 236 297 57 5 425 271 457 37 293 364 15 259 301 20 35 235 277 304 159 162 196 64 81 263 355 167 144 495 193 115 2 383 66 89 275 491 417 310 453 16 442 451 208 198 497 226 125 115 101 145 243 319 264 42 355 244 491 352 451 345 168 362 418 222 282 145 163 358 105 58 364 473 195 312 476 42 94 187 158 163 351 458 
316 260 27 166 20 406 64 19 298 377 465 2 447 392 109 20 440 332 193 435 317 250 249 122 19 224 98 421 72 66 121 194 446 473 446 405 439 45 449 51 80 96 264 457 376 418 471 331 290 394 165 36 216 257 232 82 198 321 327 91 310 112 201 97 362 395 368 178 325 217 331 197 353 488 61 91 73 119 332 181 289 240 465 97 314 36 80 416 32 195 489 227 165 190 192 436 23 444 495 75 
433 382 130 388 138 491 8 175 486 146 87 199 210 479 352 495 102 161 160 335 5 356 182 305 203 18 358 199 14 489 413 24 331 29 198 421 346 220 377 354 304 21 210 305 216 237 439 50 188 303 149 111 494 331 353 175 39 113 271 469 113 115 63 166 363 12 195 311 353 42 59 180 99 95 67 210 471 55 494 149 225 1 156 310 105 292 301 90 130 127 470 319 298 352 5 209 454 20 16 331 
196 275 263 112 181 16 103 347 264 226 369 161 140 361 326 213 73 430 447 181 446 45 465 77 205 218 151 108 71 342 259 81 106 182 389 214 212 68 461 207 78 489 72 290 173 50 10 399 323 119 99 17 302 145 302 362 164 175 69 388 494 60 290 148 207 11 385 31 127 330 291 306 325 263 194 415 144 372 59 2 249 214 185 277 22 77 462 354 437 137 410 16 316 396 482 145 355 190 123 175 
407 253 207 418 114 222 217 324 418 427 364 378 134 483 448 79 47 87 233 186 443 499 215 333 404 96 175 207 299 399 58 433 147 114 99 337 443 217 471 178 134 147 482 212 459 482 325 147 288 453 102 50 299 105 108 86 206 46 444 31 482 498 267 38 183 490 321 419 47 352 141 81 49 332 9 140 95 411 69 114 41 86 63 197 48 283 101 432 483 460 407 32 9 63 446 289 431 93 270 241 
279 143 335 472 390 347 45 393 182 455 49 56 110 497 342 64 430 273 362 167 2 84 342 419 446 386 179 199 120 199 273 207 461 90 476 468 1 154 122 191 180 12 28 116 380 228 440 218 309 67 106 226 379 333 106 191 24 476 402 420 289 417 200 172 108 409 110 361 270 282 79 280 318 199 117 419 279 186 21 144 318 337 439 453 43 151 487 373 396 287 134 439 218 453 349 88 361 32 167 313 
398 128 225 426 215 312 315 424 9 379 93 422 176 275 119 334 196 82 44 209 148 492 321 224 340 81 329 397 90 71 200 131 92 382 104 421 151 400 207 36 392 379 95 387 104 217 491 26 357 2 75 270 291 480 489 117 326 439 216 60 62 122 113 293 176 106 496 350 139 457 497 31 487 90 472 399 445 483 18 64 83 155 110 153 33 353 19 327 160 233 322 336 2 265 161 384 251 190 185 52 
314 161 313 324 470 284 137 307 275 378 286 118 284 45 418 209 11 397 214 245 407 229 194 467 32 225 258 199 192 92 458 124 44 439 63 7 258 29 307 55 62 384 229 36 375 116 39 47 252 379 464 396 406 333 153 257 3 12 398 371 491 367 73 222 322 166 114 313 150 262 369 38 471 202 440 307 84 305 213 334 16 50 239 451 77 12 452 499 391 52 234 207 148 439 20 489 371 400 116 346 
419 213 14 481 93 249 327 291 220 182 219 227 223 344 168 252 117 66 417 313 137 483 234 424 476 492 332 130 307 216 371 153 183 19 365 328 180 423 222 291 366 384 38 442 186 140 267 247 300 359 40 38 340 431 253 377 366 381 240 104 210 370 72 155 144 77 355 81 217 306 273 216 186 184 154 182 216 70 100 97 217 123 123 39 296 198 37 331 255 224 214 128 321 298 262 411 474 417 348 39 
43 425 283 417 389 112 55 444 250 446 423 30 461 190 396 7 230 74 448 154 354 40 492 478 271 456 71 390 495 369 480 448 498 328 141 351 458 70 233 15 187 296 307 485 478 188 365 355 24 62 399 425 455 378 51 417 461 212 281 236 273 163 391 421 314 206 123 149 493 93 380 404 87 132 481 275 487 345 304 286 29 346 262 329 394 152 103 1 146 186 297 428 452 293 420 21 384 5 357 316 
103 208 191 214 170 146 490 388 324 489 421 29 482 94 225 457 88 343 328 311 278 410 375 159 218 118 448 105 99 116 127 300 207 349 403 2 389 246 31 146 30 12 198 336 89 422 96 78 496 67 446 183 5 436 123 492 305 98 55 320 440 147 32 152 37 11 184 383 355 325 427 88 296 407 118 214 445 198 302 295 87 469 144 244 136 228 37 364 292 256 93 339 154 422 330 100 370 22 474 499 
73 453 349 388 55 496 132 232 111 434 160 193 211 291 347 415 442 467 232 154 36 450 418 89 113 213 359 14 60 78 217 11 9 187 88 327 317 437 465 445 73 394 70 191 462 147 215 336 87 83 445 115 168 403 317 255 117 241 348 131 10 403 288 109 329 32 57 360 140 484 41 470 214 58 52 387 12 175 448 473 164 190 496 406 168 403 388 81 431 476 144 406 125 357 141 469 89 474 20 119 
160 459 324 142 143 355 282 246 111 421 410 17 228 346 361 96 328 303 425 334 246 303 217 357 199 132 158 94 39 183 129 110 287 48 477 358 98 159 19 182 253 223 272 482 263 97 100 125 449 89 497 39 378 127 117 484 31 448 227 477 361 310 387 475 15 5 169 306 314 331 412 211 45 255 176 373 378 434 196 340 410 46 140 475 144 494 285 356 465 197 10 402 430 186 188 498 111 145 109 161 
383 180 425 24 140 20 496 217 412 64 414 498 172 58 393 483 483 474 317 21 194 300 366 140 283 129 274 408 156 420 398 123 130 496 446 454 197 158 381 335 133 413 210 494 433 110 302 158 67 313 357 94 417 275 426 291 383 438 10 37 309 78 219 417 270 485 483 473 492 337 410 70 470 120 392 401 279 480 109 121 461 477 473 404 183 244 59 212 122 325 111 392 238 467 219 95 483 370 360 460 
310 325 241 255 45 5 352 126 34 318 99 16 156 376 316 150 46 121 101 479 357 486 451 353 495 267 281 392 109 18 56 203 281 258 424 49 145 140 370 290 100 370 255 10 108 408 159 441 180 460 428 263 66 101 216 478 337 26 26 141 417 87 404 95 315 68 357 333 479 277 113 385 463 182 371 296 166 416 394 488 228 143 347 493 464 30 252 460 403 320 310 162 371 144 124 240 364 287 329 47 
493 152 66 42 346 397 402 89 373 460 69 484 487 84 476 316 420 81 253 370 342 93 29 298 93 205 20 113 459 279 443 386 218 181 405 301 90 258 75 130 201 316 12 457 456 330 129 245 468 82 304 486 380 389 11 185 137 38 51 63 176 277 266 71 222 265 86 112 310 343 391 414 50 440 10 342 287 29 91 476 103 5 304 156 292 317 355 216 286 359 263 113 135 39 369 113 162 18 256 292 
202 59 318 498 17 308 169 251 337 357 222 32 213 307 79 441 159 315 399 75 413 64 318 428 305 230 294 281 425 273 381 108 471 378 291 425 357 308 479 402 381 125 45 193 151 194 35 5 111 193 249 433 388 69 269 348 161 275 351 366 292 275 311 158 168 140 20 32 255 44 17 452 131 480 90 32 428 20 469 455 87 285 446 23 13 202 20 48 491 232 52 185 41 286 287 254 389 17 215 447 
89 337 246 436 451 359 191 377 484 155 261 4 71 333 69 332 212 8 362 185 396 263 219 310 42 484 133 313 6 13 289 249 170 489 288 24 446 339 313 43 224 385 215 39 395 103 168 141 408 245 405 482 287 55 103 408 163 63 292 159 240 196 194 383 195 217 309 332 67 60 32 211 175 476 182 321 132 1 293 486 149 426 179 108 388 431 227 63 162 133 98 23 86 235 82 12 366 258 402 313 
274 458 88 245 97 414 440 321 434 226 1 158 215 208 69 370 432 281 352 224 497 17 465 45 120 164 377 325 238 26 475 363 144 142 224 336 143 398 347 312 31 78 316 10 243 498 311 485 265 92 206 59 283 23 234 471 427 316 238 69 99 387 92 17 492 246 458 164 160 308 152 46 201 457 266 381 368 151 261 308 14 184 57 28 101 138 293 255 206 124 294 213 398 187 437 452 483 239 4 470 
424 276 187 146 227 327 115 439 386 241 394 68 76 173 140 113 190 104 454 189 433 82 445 285 9 456 277 483 91 190 119 250 139 346 439 377 10 252 362 74 253 287 307 437 469 79 428 325 218 72 344 10 93 324 327 336 7 241 37 103 34 265 258 487 438 82 18 410 493 360 280 196 122 60 216 458 216 218 362 194 13 446 285 93 321 8 311 442 353 234 457 407 179 466 151 262 148 192 346 58 
128 147 109 45 73 478 457 352 154 6 456 276 136 311 107 187 225 432 239 401 477 147 201 204 99 88 492 374 490 172 272 40 483 441 93 314 112 476 486 174 197 156 122 385 38 1 371 216 262 187 257 370 234 336 17 138 17 63 483 148 415 162 460 217 135 366 444 23 409 170 75 193 39 282 82 122 332 33 417 11 163 233 214 464 141 177 272 296 361 386 326 200 267 286 498 356 7 183 145 179 
363 392 455 48 184 29 254 118 128 103 8 241 240 362 158 353 409 494 224 138 444 155 461 437 318 385 57 98 31 214 150 350 499 190 139 288 446 178 64 22 396 196 225 53 349 162 481 197 178 59 211 266 121 261 30 255 305 13 162 295 220 349 413 94 71 96 63 100 187 267 474 245 68 206 341 432 391 357 470 485 16 360 462 221 256 232 248 76 87 176 225 366 397 110 395 488 193 287 247 313 
79 278 113 485 2 479 406 306 113 467 455 193 420 333 324 154 293 160 494 109 256 360 46 444 162 319 291 443 477 225 99 431 372 181 380 198 488 109 129 206 4 148 230 52 45 399 267 119 25 202 421 325 333 467 241 496 464 162 267 49 194 19 146 61 60 86 217 133 10 374 373 108 399 84 400 355 279 424 73 348 215 148 185 249 461 147 350 471 258 357 257 262 276 298 1 24 251 432 226 62 
174 264 320 361 178 327 196 149 135 493 487 410 244 355 177 400 16 270 228 153 80 23 166 491 351 368 164 243 59 223 52 12 90 257 268 221 33 29 464 275 88 139 33 353 302 475 27 48 302 383 120 233 278 76 170 472 244 255 291 15 218 62 75 36 257 276 406 315 433 139 442 60 274 376 159 60 323 297 97 61 284 18 158 311 245 32 145 160 402 429 318 116 199 155 411 245 104 425 42 216 
193 471 179 125 294 170 397 92 355 171 488 492 122 155 58 396 417 471 7 340 5 80 141 157 55 269 179 204 254 60 68 100 173 175 155 114 103 200 166 148 220 319 340 489 366 258 156 368 40 109 139 15 161 147 203 390 417 272 469 340 259 217 263 318 242 461 426 462 425 326 7 337 56 487 225 419 302 203 211 50 444 458 430 18 139 213 105 280 425 96 371 266 64 184 296 130 383 143 444 93 
109 427 44 138 311 61 255 479 105 386 496 335 464 94 468 168 134 116 31 359 67 42 482 190 343 429 188 401 88 132 468 224 466 297 289 208 475 220 241 84 415 383 11 362 16 497 381 310 271 139 89 138 108 472 366 307 434 136 40 171 198 135 496 95 432 443 142 111 354 279 0 211 497 218 36 340 97 407 265 312 137 50 434 466 355 83 126 338 101 205 115 155 328 266 490 238 443 125 86 14 
295 352 388 92 114 167 275 421 210 237 487 101 444 297 148 366 464 172 300 26 35 217 292 174 138 396 418 403 60 247 495 261 191 150 193 482 155 419 283 396 172 389 116 58 404 312 393 3 368 133 194 140 356 270 302 223 136 301 218 173 74 233 91 374 49 449 207 161 470 412 202 429 413 173 493 426 318 208 454 449 310 159 353 239 112 378 230 171 339 17 133 114 134 456 487 474 349 161 225 203 
73 268 94 129 71 459 191 134 21 79 235 147 310 43 325 372 48 35 316 293 342 484 338 355 154 466 146 328 419 226 316 433 404 89 340 440 165 453 25 437 438 238 295 486 5 444 393 147 67 187 116 43 54 206 14 243 140 300 386 410 168 220 212 438 329 197 207 285 224 189 42 348 223 213 244 457 38 85 79 427 269 492 110 242 158 19 345 454 364 479 177 32 243 16 453 91 182 90 121 157 
391 305 293 171 426 213 344 229 365 488 405 100 415 96 129 124 418 324 251 154 221 433 76 415 141 352 315 331 455 486 284 260 282 268 335 197 327 428 480 109 255 76 132 80 227 54 323 293 142 155 387 297 302 80 259 223 168 265 274 44 30 352 93 401 130 378 192 278 96 0 388 314 19 69 488 32 56 173 262 296 183 345 415 363 362 318 58 223 410 428 345 446 25 300 296 64 442 267 392 255 
103 51 192 163 49 287 473 455 479 211 371 286 240 327 229 321 114 461 121 92 31 307 281 242 447 497 225 374 38 167 198 296 108 155 99 457 245 382 90 295 238 371 193 90 253 363 230 466 204 339 251 145 469 239 34 196 37 453 100 327 50 374 380 20 101 63 474 296 124 70 45 60 0 109 358 445 279 51 286 351 400 430 69 143 478 357 328 327 390 499 296 362 423 284 172 376 468 47 33 27 
441 203 80 51 362 25 184 459 113 86 36 248 468 497 387 413 158 428 158 144 102 344 471 60 376 393 83 300 56 290 344 66 69 161 140 56 115 7 272 147 435 227 322 292 338 180 65 264 347 247 454 251 393 214 239 104 442 261 357 55 106 230 95 275 154 460 441 154 211 88 414 166 434 372 22 304 329 139 119 340 235 248 182 202 216 18 32 123 231 48 474 89 53 214 130 384 122 180 398 449 
30 282 450 79 72 176 485 467 226 250 184 228 53 426 279 384 146 148 404 385 133 479 381 215 29 342 340 69 245 234 237 71 149 358 376 359 432 199 295 150 8 301 214 156 78 109 417 167 223 409 258 297 116 376 67 233 94 395 310 75 70 96 380 134 71 228 75 117 99 29 40 317 279 332 351 458 397 225 39 448 416 123 421 175 155 165 220 430 433 403 440 393 261 416 488 82 460 289 16 374 
11 158 43 151 375 63 56 175 178 266 59 450 120 27 38 209 110 64 300 423 229 79 250 316 186 296 225 116 445 187 287 253 111 338 133 164 293 235 176 458 329 92 391 81 391 378 141 28 81 199 235 316 327 83 416 116 329 318 258 191 45 216 328 323 424 457 106 322 456 462 145 129 143 127 188 347 250 75 382 371 212 452 225 271 229 328 197 400 255 17 225 288 476 187 3 292 284 235 30 182 
216 381 85 384 151 395 70 6 376 269 496 148 32 345 169 175 369 404 206 221 268 100 32 447 151 91 491 275 73 224 209 259 354 77 401 328 466 217 465 306 377 62 377 143 41 461 8 238 143 120 479 270 18 109 56 427 373 138 361 493 215 41 147 426 345 80 153 241 10 47 232 56 290 37 35 85 317 484 150 161 337 269 100 344 203 111 177 49 178 483 265 377 445 168 155 246 93 176 289 6 
21 406 237 355 346 190 299 306 290 430 239 435 473 54 345 451 62 42 243 156 226 266 279 464 311 386 246 105 395 291 109 452 11 147 346 257 437 268 188 313 359 379 154 41 159 430 38 470 148 474 142 349 142 75 63 197 441 380 168 379 278 375 496 242 70 220 432 407 151 469 272 486 77 279 49 54 37 71 158 421 324 471 193 252 477 482 397 161 204 324 209 5 162 55 259 21 68 411 334 175 
237 204 6 383 198 142 42 235 109 328 38 465 266 1 25 280 444 471 412 348 46 68 89 175 164 175 254 0 453 66 130 257 138 333 269 197 365 312 258 207 70 37 130 438 426 364 198 105 450 278 397 425 34 255 67 336 94 295 297 104 215 403 166 337 227 433 222 499 491 269 325 279 81 214 274 315 337 388 312 424 331 87 224 164 433 128 104 497 391 423 484 361 428 201 259 354 303 62 181 299 
38 254 302 87 425 395 125 213 74 74 434 225 351 298 385 15 397 229 200 153 488 319 298 474 171 340 230 308 94 461 81 481 45 409 95 58 118 492 33 387 257 180 102 251 471 260 259 295 85 233 323 361 215 155 149 19 105 32 400 224 256 354 248 70 60 407 234 72 68 473 392 270 319 336 158 3 274 303 80 271 238 380 177 397 59 87 491 18 201 53 296 114 374 146 320 266 248 289 96 107 
380 450 255 434 39 36 379 309 112 208 430 40 139 242 201 364 241 219 169 92 243 315 480 281 227 223 94 140 280 193 221 125 85 19 26 322 169 38 45 447 426 204 50 149 384 259 341 122 103 371 182 276 23 258 486 90 255 191 486 173 408 325 189 346 412 492 228 55 346 268 476 64 155 233 32 280 113 399 43 288 223 348 312 276 182 190 80 356 327 100 228 252 429 452 315 319 211 362 7 392 
445 416 155 218 363 225 51 26 279 267 492 270 69 132 65 404 171 19 303 456 274 452 243 406 182 245 385 311 336 371 357 1 190 37 107 334 347 287 441 82 377 29 340 231 303 192 462 149 451 449 394 325 52 266 5 302 355 370 453 383 31 213 431 424 350 54 360 323 62 10 384 356 484 186 10 396 251 177 215 139 328 285 135 352 118 438 176 17 376 430 44 387 466 26 465 143 236 421 142 86 
124 436 453 94 450 106 163 209 469 217 120 409 157 197 236 253 14 383 201 303 22 21 418 162 11 400 47 246 472 457 221 386 346 88 304 249 209 186 428 441 367 162 93 404 63 423 218 499 55 467 448 479 380 375 374 109 194 441 188 462 262 314 65 404 466 402 213 116 469 224 471 84 91 307 437 439 24 261 301 318 442 269 404 114 83 324 414 115 237 403 217 231 51 476 145 183 155 66 111 197 
16 318 392 459 213 164 273 471 290 113 209 0 309 49 143 343 270 228 40 129 62 289 82 96 398 295 438 220 274 484 16 64 184 127 333 374 195 460 413 399 196 477 402 318 447 87 123 15 465 351 225 354 212 51 155 241 140 384 156 339 81 240 294 270 349 214 168 160 235 373 217 228 79 187 343 343 381 40 425 313 432 485 481 251 464 357 88 260 424 257 15 119 63 402 238 471 233 405 243 174 
152 294 201 406 397 138 233 165 257 350 481 366 284 291 287 72 21 323 225 419 210 263 199 165 332 487 456 462 302 159 404 331 231 99 232 216 114 362 8 400 457 142 111 209 176 27 93 92 211 281 225 90 2 278 127 68 233 457 175 484 367 0 4 268 182 308 300 154 4 150 376 421 253 256 486 215 40 482 385 380 362 47 405 322 117 351 28 249 233 297 281 380 53 320 362 413 416 497 11 321 
193 200 477 392 343 481 399 200 389 349 120 223 427 349 165 70 146 288 26 383 301 368 240 171 491 307 72 253 462 387 362 225 276 271 490 232 393 87 494 387 314 346 222 238 89 435 61 395 297 267 53 135 491 316 141 249 429 481 192 496 86 412 164 50 234 188 100 422 227 28 71 141 147 331 155 28 425 466 465 301 19 62 277 497 397 203 460 181 355 266 55 143 443 493 387 351 53 141 423 161 
327 6 14 197 337 455 82 258 437 84 172 431 107 247 333 216 199 71 488 407 374 310 193 486 421 499 349 324 71 387 383 478 375 407 95 200 339 469 441 44 327 382 295 70 133 29 130 28 39 146 211 44 97 469 142 304 33 12 259 110 364 282 104 120 247 62 437 237 457 495 402 133 491 437 334 373 249 412 277 230 27 171 427 348 448 92 209 438 22 66 177 417 355 14 481 164 477 323 17 465 
272 412 106 189 447 271 177 441 384 0 152 142 394 302 289 446 200 161 172 251 488 175 15 200 280 336 112 174 31 417 467 20 175 272 465 206 217 126 296 246 313 496 407 340 69 411 141 143 132 225 309 328 32 73 341 215 419 134 131 237 336 130 3 141 102 155 394 465 445 421 51 435 321 402 360 190 443 85 375 151 337 433 369 81 413 134 38 200 97 94 143 233 445 389 497 441 69 9 475 473 
469 327 153 260 271 354 133 319 300 398 2 53 217 496 104 177 51 292 147 493 181 230 220 32 105 338 404 11 137 78 398 291 327 198 203 418 71 282 319 373 352 102 459 341 490 493 37 77 63 122 328 110 387 160 241 327 296 105 33 12 141 242 484 242 214 137 153 209 441 487 14 24 276 163 231 148 415 70 394 460 491 184 325 404 207 99 20 305 354 266 116 47 266 177 361 204 23 160 307 376 
414 65 282 238 139 266 456 50 297 202 169 335 78 254 270 475 178 327 371 404 348 114 201 93 470 428 392 277 37 35 392 268 297 480 191 0 474 79 126 190 287 464 59 465 453 56 182 222 148 223 115 392 5 423 224 302 27 333 411 355 40 442 418 176 247 297 312 289 435 182 391 425 45 34 300 371 446 30 399 257 311 233 344 490 481 114 472 465 289 369 20 119 440 349 83 497 426 106 222 370 
448 408 213 250 44 115 364 364 80 332 411 333 105 436 313 282 93 396 391 246 114 309 292 11 74 100 172 303 348 405 429 306 25 35 177 34 66 315 190 49 39 66 331 74 45 172 88 35 388 119 239 486 212 255 35 263 473 291 357 305 301 216 481 411 408 293 291 52 246 306 223 18 472 321 122 280 228 417 467 346 306 425 201 433 67 449 97 363 366 235 161 123 383 433 430 25 271 392 111 257 
417 56 144 386 382 363 334 122 256 247 451 298 216 60 8 438 205 426 257 322 139 458 194 287 240 46 295 13 446 494 81 473 337 170 135 62 42 445 473 180 83 35 80 304 181 98 318 298 272 53 337 408 110 169 254 158 95 77 334 263 459 206 300 163 465 314 116 477 346 36 60 211 437 251 94 227 193 486 369 181 384 300 355 218 23 61 190 83 217 449 305 186 268 387 186 468 145 257 13 88 
120 282 307 343 357 468 40 260 405 423 58 430 39 234 104 68 316 40 274 240 417 382 205 219 488 311 309 167 462 332 216 106 152 85 10 343 427 323 363 351 164 291 365 493 479 219 379 333 359 196 94 253 51 428 301 53 432 1 326 145 115 237 122 268 388 255 85 387 79 50 352 471 246 221 122 263 23 487 410 378 412 100 393 119 92 239 295 209 107 161 280 265 312 469 131 370 474 126 335 61 
254 219 188 117 124 293 85 236 72 334 499 358 465 307 0 242 482 335 193 426 413 211 337 496 74 125 111 195 177 441 381 355 471 496 134 40 160 267 57 119 32 424 116 222 404 287 399 433 51 496 436 469 215 55 243 178 0 168 202 284 266 160 267 365 26 115 381 285 184 387 268 189 394 485 267 405 76 259 390 108 99 406 4 394 35 277 171 94 466 89 11 4 400 227 389 132 64 139 160 187 
184 113 296 433 223 345 196 404 222 123 197 397 41 45 113 280 327 445 109 400 161 286 383 480 435 302 227 67 235 499 404 303 75 122 73 212 329 129 385 435 277 495 128 261 337 262 179 0 7 343 433 162 352 182 435 55 388 225 416 492 42 193 49 16 237 36 153 294 367 327 281 309 373 243 110 379 223 467 425 145 346 436 139 117 83 301 16 170 469 52 214 132 258 280 303 467 174 428 475 86 
73 300 371 59 302 379 192 261 284 137 240 368 384 402 342 344 442 35 181 252 320 323 459 89 205 224 74 284 123 123 62 136 424 169 112 240 53 167 274 131 379 153 320 112 285 443 11 361 366 304 289 22 9 26 112 139 318 481 41 190 211 87 95 170 243 188 428 201 5 356 180 50 180 153 97 42 410 365 234 60 66 432 399 188 263 365 288 198 6 179 86 94 262 78 338 281 130 215 283 81 
270 336 14 22 404 415 435 382 278 302 487 278 299 39 308 17 42 493 457 320 291 242 163 267 29 30 175 476 302 401 108 9 85 252 339 422 346 46 273 379 141 492 330 455 400 309 84 266 162 8 401 204 476 426 125 166 191 293 145 432 446 229 304 136 417 233 0 35 78 449 485 37 107 197 210 438 249 62 31 18 440 31 97 488 170 320 363 110 124 270 106 168 366 89 312 407 395 317 266 52 
253 398 445 422 17 392 464 252 270 183 420 78 83 327 105 149 67 378 43 372 365 240 68 142 142 360 38 290 305 30 254 38 297 32 34 47 139 232 245 256 468 386 29 41 227 410 337 106 98 121 491 284 377 5 128 454 167 326 126 8 401 378 439 1 221 251 136 27 167 359 358 23 390 221 136 296 205 246 93 419 311 402 344 201 52 276 38 114 144 335 226 78 94 15 448 284 74 91 102 228 
423 92 466 496 360 334 258 451 8 14 292 22 299 171 206 468 246 249 365 499 54 67 452 39 457 380 224 443 222 420 289 238 494 3 348 260 319 207 147 477 92 74 207 21 161 446 185 488 440 104 103 167 224 34 462 420 293 324 136 139 72 170 22 10 325 344 403 74 178 382 58 262 305 305 230 432 381 342 88 190 345 201 326 46 258 348 110 77 30 185 368 440 344 409 163 448 90 351 152 72 
1 41 485 60 192 1 141 144 416 74 301 489 334 116 463 240 304 221 256 85 329 478 492 321 71 234 8 247 128 441 467 291 57 391 154 340 224 437 36 184 104 424 102 362 437 374 98 491 359 162 498 80 473 239 199 399 60 339 163 395 432 280 108 413 497 7 30 369 302 337 202 26 260 3 312 308 384 249 166 418 194 277 470 223 210 148 35 465 200 289 430 138 464 449 186 294 249 67 349 433 
21 373 245 243 77 291 23 316 99 466 457 311 125 275 206 430 484 137 198 416 189 445 351 242 75 49 203 162 285 42 314 76 137 237 119 321 493 332 258 166 165 162 145 139 281 197 80 140 132 355 473 56 5 265 236 267 349 90 473 151 390 4 135 403 334 266 205 420 59 234 315 429 326 491 27 437 369 145 401 318 417 360 264 132 204 79 365 262 495 301 237 272 159 393 486 6 493 46 198 72 
300 241 492 434 326 291 483 454 373 93 212 451 335 233 326 228 116 241 292 66 184 163 87 243 1 445 316 36 153 346 452 447 391 393 58 32 498 380 49 345 358 344 367 320 7 234 73 106 191 477 268 312 16 67 234 120 330 497 41 98 50 419 401 396 248 62 17 100 172 260 344 103 395 265 380 229 16 340 267 199 81 110 316 120 484 120 208 137 181 215 349 159 349 231 139 405 99 257 413 37 
75 413 378 163 404 58 40 201 339 473 25 50 356 28 197 437 311 452 227 395 127 368 396 408 141 200 303 335 485 280 489 268 392 41 277 102 118 290 407 88 182 43 83 105 294 450 407 396 381 298 96 213 486 57 341 56 446 420 496 489 25 268 227 241 437 291 290 404 276 361 473 268 379 172 333 220 286 198 446 492 6 218 471 240 225 444 81 108 213 277 365 43 347 458 145 427 253 259 249 192 
198 467 38 102 493 398 214 428 269 423 49 210 159 148 396 39 284 295 248 92 49 297 445 315 428 416 196 55 313 257 141 462 284 172 101 249 481 276 91 329 453 109 190 290 275 276 34 344 452 472 478 291 294 226 125 27 19 44 104 412 480 117 308 156 211 140 167 386 494 42 181 270 401 72 75 263 451 470 403 31 60 173 375 13 181 327 218 311 184 340 364 275 314 279 440 83 198 331 476 488 
112 147 317 435 446 229 453 185 210 118 405 81 20 388 350 359 101 8 81 440 32 138 405 479 71 471 118 466 46 73 272 13 344 261 422 150 238 94 235 137 272 484 29 454 484 15 212 185 446 393 465 93 250 333 428 349 168 369 42 395 97 27 267 213 356 499 339 180 468 212 143 223 17 120 151 177 221 477 345 407 196 126 272 56 338 421 403 233 216 330 264 174 241 147 444 98 51 193 227 436 
408 264 95 34 22 259 34 223 43 66 333 391 100 263 224 90 36 266 234 38 488 192 455 176 446 294 25 1 450 392 403 160 375 492 285 259 22 79 260 471 36 138 264 336 261 308 427 29 469 260 99 160 218 12 176 485 222 125 196 212 43 126 267 344 460 9 407 38 449 477 331 406 138 417 193 460 16 285 342 417 268 163 445 288 268 63 304 288 127 358 186 79 477 340 107 281 103 224 90 69 
432 102 68 188 24 423 218 240 360 363 84 134 146 335 151 366 498 27 404 450 297 119 154 474 96 462 63 243 21 144 1 79 222 244 179 384 254 276 133 175 217 460 355 2 322 432 370 397 122 378 95 242 374 291 34 24 173 137 430 105 241 376 278 314 71 217 27 202 129 464 239 57 439 445 241 256 132 478 26 338 358 463 148 309 352 125 28 417 139 223 321 152 371 94 95 11 88 244 26 223 
296 271 107 168 75 403 148 462 188 329 242 9 277 185 186 434 499 243 273 330 122 261 237 307 28 69 61 233 380 33 242 203 412 314 243 77 64 132 437 169 379 406 148 181 452 58 454 78 429 60 445 231 179 312 63 403 407 405 324 265 447 275 96 305 247 343 189 151 310 114 487 492 208 495 106 186 346 149 316 341 268 324 188 343 25 311 6 447 16 306 464 218 218 344 164 66 351 140 459 240 
146 79 133 27 455 449 485 381 351 170 256 230 219 383 150 415 376 249 461 284 407 4 368 193 315 327 338 197 280 351 335 256 330 477 258 440 177 453 389 110 324 85 378 126 263 185 214 254 269 496 103 434 445 403 394 313 293 28 165 15 472 190 69 368 285 399 403 105 277 58 426 44 475 270 137 84 226 242 1 389 7 207 301 360 37 435 364 227 93 199 10 48 377 3 151 268 392 457 229 2 
