303 267 320 92 187 489 357 152 170 67 208 406 244 443 119 348 243 336 335 168 140 28 277 305 351 29 497 262 359 67 43 58 138 221 193 221 410 421 445 263 0 53 163 451 16 491 180 413 393 123 23 83 42 120 420 336 193 360 468 125 447 157 213 65 392 252 19 352 173 247 82 296 383 225 24 103 481 288 85 451 185 144 33 295 3 178 109 361 119 183 414 453 336 266 391 381 188 376 334 176 
286 223 425 172 482 16 456 99 320 413 249 138 247 169 79 45 31 66 212 237 413 461 367 143 54 468 321 37 195 13 105 178 491 53 53 450 41 191 91 467 176 197 210 57 288 0 186 61 331 96 217 228 243 258 94 86 326 14 62 169 428 147 38 366 187 193 328 99 313 344 297 490 353 118 354 433 327 35 41 362 301 64 427 273 250 202 100 460 303 443 331 54 143 94 143 3 7 243 300 263 
397 173 214 476 84 171 494 362 196 276 142 261 236 446 340 185 457 58 357 469 297 173 232 180 176 270 97 413 473 323 106 421 169 437 217 27 295 264 222 151 236 285 415 289 157 202 498 183 361 116 109 110 84 139 453 138 212 423 383 177 272 1 234 34 86 264 383 264 345 325 321 212 134 496 330 307 214 8 101 360 109 269 104 367 333 189 301 393 174 134 419 363 317 25 96 129 379 345 328 70 
247 426 161 98 122 136 53 163 18 221 203 252 53 45 57 15 443 191 206 352 334 313 159 366 150 163 152 411 360 206 136 79 447 159 228 37 477 301 60 496 109 447 243 498 429 233 154 86 439 425 214 332 9 473 29 339 310 60 17 27 385 470 163 255 352 28 131 164 53 151 493 470 188 207 12 182 482 255 385 174 40 388 262 485 290 423 455 190 193 414 160 230 123 325 232 51 30 21 98 220 
485 214 31 6 150 310 155 494 35 101 175 124 162 58 370 174 350 373 102 118 160 71 205 143 285 95 137 443 210 110 209 120 214 314 89 316 87 170 472 295 188 125 487 275 149 364 177 136 207 65 137 79 498 89 92 103 128 364 208 162 83 448 431 421 498 143 320 135 484 261 79 360 390 481 487 289 6 450 213 246 87 338 430 322 191 282 381 50 486 121 14 268 234 401 86 354 404 189 112 456 
20 198 15 295 95 420 109 86 432 177 124 288 365 399 387 119 116 141 55 331 242 416 54 311 477 287 112 257 276 77 356 295 303 348 138 456 342 294 490 343 55 315 375 456 158 486 153 229 112 373 147 471 85 366 174 93 22 404 338 407 39 493 182 227 406 29 190 0 476 250 342 260 432 194 122 312 161 238 340 241 179 136 345 97 253 187 112 478 237 38 176 190 428 190 452 48 256 4 72 294 
123 342 273 96 46 248 337 364 382 55 64 230 13 69 457 282 25 196 149 87 220 347 425 166 223 289 303 115 281 253 464 348 254 149 431 332 41 203 111 457 141 241 212 297 471 28 375 433 29 39 301 295 233 49 239 302 213 240 71 308 69 240 5 271 350 83 467 275 294 462 425 147 267 164 338 333 336 281 415 171 134 430 320 40 427 271 156 171 337 293 132 494 101 109 385 157 238 460 2 454 
304 377 379 93 435 488 336 487 89 384 172 488 323 180 230 11 187 357 337 289 7 99 26 102 320 488 178 398 486 89 160 456 35 283 157 363 98 281 267 431 405 269 203 15 88 200 486 426 56 98 258 42 216 105 136 83 135 453 117 366 314 448 301 162 111 466 99 203 323 140 195 128 352 388 380 60 269 468 354 257 6 308 86 229 267 325 11 378 41 296 482 36 147 46 21 404 121 425 129 458 
382 259 223 299 426 410 463 304 483 59 296 36 438 406 39 320 276 406 471 487 302 257 244 60 292 491 419 341 276 376 326 155 199 471 157 419 356 145 295 67 390 381 12 281 446 136 255 124 404 292 72 165 74 329 157 463 297 260 332 426 253 484 87 456 439 137 35 293 493 462 110 345 496 174 476 39 20 387 459 392 85 27 142 192 174 146 431 445 327 355 369 62 423 395 196 433 345 447 170 212 
153 106 294 40 319 10 395 180 112 493 495 17 374 255 440 142 149 366 327 309 53 418 299 482 50 438 93 299 473 231 342 225 313 71 284 163 454 293 212 296 333 311 95 298 60 452 267 340 171 323 261 304 459 151 241 441 94 425 34 174 424 343 334 440 376 303 172 396 310 63 108 237 259 109 306 408 53 390 392 105 377 339 233 49 378 360 474 452 212 117 430 49 341 277 436 220 442 228 169 63 
69 120 267 444 358 372 370 426 36 477 352 114 62 180 398 109 381 144 49 283 219 220 10 93 180 356 402 185 40 224 73 166 497 400 341 84 27 334 341 341 469 185 390 234 486 296 266 115 388 7 255 261 91 463 158 113 477 431 493 17 357 114 102 306 134 172 21 74 125 413 396 281 161 87 285 155 69 154 427 412 96 212 384 238 37 219 146 326 45 260 437 149 277 170 293 34 134 266 201 433 
404 203 99 49 195 317 16 57 124 134 398 484 47 429 464 287 424 343 62 320 8 394 270 276 112 183 70 231 128 347 275 127 81 322 97 54 3 345 68 181 195 368 11 186 296 353 259 76 12 174 382 358 32 485 191 148 103 359 477 264 357 216 376 184 31 65 464 111 258 273 429 23 484 168 253 282 472 316 36 492 26 466 201 344 99 285 442 273 186 117 409 331 110 200 140 389 290 175 318 481 
247 467 91 66 393 62 466 214 253 446 32 216 117 490 236 323 268 342 497 416 187 93 152 40 184 494 438 318 126 150 204 259 266 461 477 391 213 294 340 291 126 240 255 452 133 430 91 479 375 341 69 133 400 408 340 408 259 128 416 70 200 165 250 218 192 53 89 297 432 324 224 468 391 256 449 195 314 186 418 439 69 260 338 3 276 92 230 127 253 193 380 234 368 112 471 38 212 406 357 109 
3 328 282 371 125 387 58 161 97 410 60 168 41 448 23 130 463 198 198 492 168 416 215 457 376 99 469 38 22 16 450 211 269 162 102 268 251 393 101 395 345 434 447 73 296 281 46 376 270 422 471 208 47 287 273 412 206 182 498 447 203 479 344 474 3 167 87 300 202 331 495 429 119 38 357 203 416 308 365 390 432 481 435 154 15 465 106 27 497 401 435 364 306 223 446 294 439 397 30 283 
488 123 232 354 137 254 227 478 495 335 373 351 417 269 288 315 239 138 305 485 317 476 472 298 499 472 170 129 439 358 112 440 435 259 4 19 318 26 345 261 473 308 2 189 50 168 155 387 163 326 199 298 127 380 457 432 458 354 198 420 363 268 326 368 411 57 239 259 235 282 82 20 332 466 151 128 386 236 476 133 311 185 84 467 154 495 357 55 208 25 147 406 425 65 95 70 326 475 369 471 
394 435 236 401 66 184 226 417 373 251 78 261 252 168 28 248 215 458 494 398 48 277 441 76 75 399 422 191 174 228 329 343 262 75 185 185 282 100 97 60 424 239 179 156 133 57 299 188 124 354 306 66 322 162 472 217 189 104 430 50 222 436 24 50 199 244 162 299 133 289 177 84 110 142 309 38 147 237 473 396 323 213 122 303 491 405 331 99 33 495 364 340 319 247 130 293 30 0 55 341 
46 51 78 310 431 115 157 338 260 461 57 200 216 53 354 28 486 24 188 90 73 372 88 393 356 444 23 63 470 49 336 283 29 358 416 81 84 66 31 57 22 239 332 219 133 337 33 34 356 104 373 243 4 179 354 484 269 109 118 376 431 113 364 238 367 478 311 498 424 315 91 443 293 489 46 97 68 208 349 288 155 366 259 206 111 148 230 494 74 189 301 6 22 62 352 494 458 11 350 185 
3 434 348 42 207 421 487 3 208 100 72 363 57 57 185 114 409 423 439 478 64 465 190 15 9 283 169 478 177 425 394 57 301 175 239 385 250 117 107 129 170 88 95 42 473 328 497 128 110 132 326 365 342 11 142 455 91 112 228 258 241 252 3 18 459 6 249 102 414 219 201 458 229 464 430 446 164 129 273 432 86 83 319 490 93 40 53 207 157 333 140 312 452 88 45 301 312 111 16 234 
1 205 462 195 393 272 209 371 433 203 99 0 102 104 2 98 276 328 251 139 29 178 60 21 385 165 51 358 393 390 300 192 433 150 122 371 294 236 183 288 128 233 25 67 421 399 43 340 431 484 335 142 418 131 299 376 392 12 363 200 124 228 447 101 333 462 417 7 261 28 457 274 142 129 375 155 431 461 265 242 374 214 142 400 37 88 58 39 174 255 287 96 127 151 455 188 478 381 283 183 
49 340 23 44 214 470 443 9 217 460 310 1 234 291 12 87 452 197 353 118 242 356 332 337 218 208 445 322 115 479 195 466 379 240 225 295 360 132 23 468 58 17 472 423 450 356 21 200 234 54 356 290 116 373 82 240 139 128 353 46 376 196 331 216 94 84 295 254 372 55 149 360 162 5 168 256 274 344 481 462 304 472 323 175 397 200 53 145 28 122 271 45 365 0 137 318 2 141 281 398 
427 84 355 271 130 439 129 387 3 326 439 383 320 441 165 300 264 24 32 183 485 349 411 143 303 495 30 412 339 393 422 306 172 321 414 343 293 122 281 77 243 404 449 267 97 438 379 66 405 436 240 475 36 187 336 303 453 349 430 429 270 78 275 199 104 7 65 476 375 272 362 262 381 313 297 175 147 424 350 12 357 58 241 432 139 459 0 166 355 331 260 58 118 110 248 205 29 446 90 327 
29 320 1 17 414 85 44 423 143 37 311 355 162 377 263 259 409 204 437 11 398 271 181 47 171 87 441 127 33 311 235 111 138 182 178 58 316 119 182 154 184 367 389 218 215 213 38 147 427 448 72 491 477 103 322 130 378 123 233 374 244 300 217 302 442 185 493 278 442 149 10 233 334 253 59 330 181 218 302 81 164 394 448 201 68 89 81 70 346 16 430 29 172 251 292 125 413 179 434 173 
425 202 262 47 281 482 416 363 310 108 62 68 288 230 231 110 460 95 94 149 147 277 186 317 267 62 416 370 184 459 72 182 404 211 208 313 446 24 409 92 125 467 259 141 163 324 167 58 252 47 235 212 281 366 10 369 397 235 317 313 314 234 369 350 403 134 321 466 409 366 374 470 463 479 105 356 314 28 429 96 284 475 110 90 141 226 66 458 400 333 190 22 60 230 403 164 186 32 113 467 
408 372 267 124 6 356 316 24 460 179 5 112 49 238 333 372 350 19 66 228 466 19 236 320 69 356 374 485 366 333 63 104 149 462 127 19 412 179 76 18 214 23 271 172 278 260 250 473 425 316 181 34 58 291 159 91 489 236 68 313 98 262 121 116 495 432 420 294 221 126 340 429 418 293 223 245 247 368 214 298 77 441 364 337 221 244 131 476 56 211 192 55 314 141 5 304 7 366 192 266 
479 210 33 178 310 205 208 214 349 384 44 274 178 435 259 468 310 306 96 103 275 335 1 295 27 127 440 259 367 492 76 355 48 8 315 440 322 120 463 293 482 299 66 354 64 16 58 240 189 201 197 159 5 113 444 491 328 477 118 294 29 58 128 156 368 427 350 148 313 184 344 178 93 365 374 282 464 157 109 32 70 289 351 125 70 266 17 468 49 10 199 48 301 457 487 405 153 10 74 257 
302 227 291 402 239 239 265 57 69 10 112 169 478 262 478 468 259 461 372 1 139 413 418 418 222 99 451 248 201 63 354 17 44 24 132 173 222 371 39 204 231 444 422 114 176 377 466 413 215 117 280 231 53 172 409 56 456 345 362 466 316 61 332 197 144 66 82 106 421 46 232 2 231 273 212 472 313 220 207 279 314 68 99 249 95 138 342 137 167 236 489 486 148 7 418 59 444 63 442 422 
28 416 151 328 276 67 310 255 43 480 60 339 93 361 107 209 346 495 394 397 376 62 220 138 395 239 225 459 212 206 133 52 280 198 74 473 38 304 360 346 336 178 159 157 282 63 133 211 428 222 441 61 334 297 259 394 64 460 100 204 142 99 460 33 456 438 11 94 314 218 429 74 472 200 370 356 276 388 429 32 84 205 166 377 185 128 233 403 208 438 433 395 56 98 86 76 184 286 247 67 
363 220 439 370 273 196 298 280 160 31 98 320 255 123 419 384 305 226 355 417 422 309 310 424 41 7 290 230 369 220 498 327 141 205 392 111 145 484 51 335 184 136 330 326 39 221 86 147 463 213 190 131 114 237 92 438 42 310 471 290 190 286 55 299 229 19 449 276 268 146 204 446 291 99 235 283 39 377 292 218 87 388 491 113 40 22 339 377 233 279 382 122 407 394 144 466 438 221 122 254 
364 164 339 32 354 497 474 259 171 268 397 476 335 71 29 73 429 297 151 170 452 62 431 263 129 290 491 301 240 87 43 377 275 52 38 299 171 352 399 496 396 170 496 21 493 494 31 392 392 488 96 73 195 59 110 163 203 281 97 67 35 73 463 44 80 457 122 15 472 173 177 149 485 228 459 282 76 373 40 97 281 160 477 61 421 155 30 142 289 7 394 285 420 155 487 136 440 323 147 169 
413 184 366 240 291 112 352 407 261 372 221 82 65 174 103 403 482 144 157 463 395 244 354 302 114 453 107 136 326 194 404 41 76 290 372 202 172 363 16 335 382 139 126 187 451 256 286 159 462 39 377 495 306 64 184 419 106 339 167 401 22 214 459 202 243 377 492 374 70 354 27 299 473 3 159 357 263 468 38 376 70 373 395 246 349 371 330 264 6 134 399 266 52 323 74 481 354 319 374 236 
237 56 429 55 494 6 344 212 102 396 179 430 477 52 35 203 433 169 470 184 89 140 351 136 93 97 54 229 43 130 286 178 235 236 305 345 100 445 92 11 343 70 192 150 15 274 8 386 241 26 289 356 124 74 494 358 60 176 135 55 340 348 115 190 138 32 441 208 107 29 132 155 478 9 371 460 481 378 148 65 37 146 206 443 241 173 153 153 182 33 361 126 5 456 371 244 365 179 391 470 
259 448 349 219 8 369 206 235 294 223 369 73 397 30 147 170 299 83 272 417 265 470 207 367 456 386 412 149 381 209 412 216 229 344 244 152 244 369 462 180 106 351 244 228 406 8 234 480 50 206 379 185 163 392 190 458 43 285 219 121 193 254 67 285 384 71 176 309 78 99 138 254 461 17 429 450 263 14 400 378 442 85 389 366 4 268 63 406 273 19 428 283 157 313 86 78 20 471 120 187 
178 174 436 442 368 425 468 31 408 78 9 124 388 319 108 311 494 200 276 403 351 167 490 399 101 417 271 18 361 63 171 190 25 114 130 251 494 263 24 206 398 30 197 37 156 154 190 209 423 54 53 275 176 489 247 179 470 227 92 250 24 82 46 361 178 468 393 446 436 399 115 83 64 332 336 157 12 49 412 227 319 97 392 259 308 497 157 128 19 472 55 245 125 482 81 421 206 150 473 83 
217 221 375 447 282 246 69 86 118 448 134 102 92 392 219 462 3 152 33 273 281 212 137 464 402 430 464 193 23 177 318 241 57 493 61 454 241 363 473 445 61 243 140 282 396 105 235 206 410 92 343 436 98 107 85 427 25 310 270 178 56 93 344 25 336 36 317 167 207 411 397 117 126 42 297 318 194 231 412 339 140 210 371 385 361 382 349 409 161 186 161 283 342 347 274 62 363 44 370 291 
459 413 458 236 24 169 326 439 299 98 154 2 1 346 56 297 35 127 415 442 66 374 183 21 431 413 265 237 409 466 338 205 118 227 479 266 395 128 103 12 298 402 405 127 426 57 423 220 366 268 240 352 229 371 41 116 450 405 14 225 138 199 187 394 354 308 283 160 39 407 356 46 323 135 76 365 310 77 153 109 177 255 248 484 297 155 219 395 303 229 414 227 179 389 6 286 110 444 197 126 
453 246 165 188 318 389 317 429 245 396 275 329 104 214 403 445 383 387 392 326 207 395 368 431 283 98 271 180 179 24 18 199 328 494 230 31 40 88 46 54 484 180 408 151 291 295 368 397 221 211 90 323 224 9 47 120 434 332 41 16 127 230 46 136 16 321 138 2 56 488 420 233 170 351 323 184 463 252 312 224 282 256 423 399 161 13 90 262 277 389 34 411 68 151 353 252 298 45 98 242 
479 213 294 249 215 472 411 15 192 168 444 139 423 292 392 481 167 410 106 191 151 440 48 121 462 135 210 352 149 428 134 227 463 184 66 411 120 126 417 337 20 495 366 342 469 381 385 434 208 36 243 420 56 409 272 41 44 435 163 299 205 24 462 144 247 187 366 15 384 347 437 250 109 213 26 324 369 225 374 465 255 363 117 64 420 436 478 208 94 61 454 214 31 259 113 18 340 308 295 184 
399 346 223 493 162 438 38 102 71 282 218 452 361 159 79 489 368 108 362 65 472 199 368 473 386 83 473 316 68 497 457 263 485 355 111 215 428 118 320 179 413 223 398 415 157 24 486 283 183 499 435 233 83 59 157 11 226 355 116 147 101 40 460 423 159 250 56 203 198 229 458 120 165 132 479 52 283 158 431 399 346 325 98 436 374 187 76 20 132 187 399 490 86 51 379 289 364 159 135 422 
344 419 342 12 22 112 178 160 227 361 8 473 264 356 140 73 373 494 351 218 183 406 102 2 316 480 332 80 473 426 80 439 282 132 332 200 109 449 302 218 254 497 281 236 5 241 395 417 384 223 476 74 315 254 357 479 293 374 97 5 17 308 439 499 473 108 294 320 281 374 78 107 171 495 88 408 369 416 159 183 24 184 184 123 196 454 415 356 401 345 31 63 492 347 148 485 456 492 59 495 
482 371 13 86 402 185 231 467 13 193 10 192 256 52 175 383 155 482 113 246 298 105 154 475 54 232 494 458 47 454 230 178 156 105 76 85 344 160 20 214 324 173 214 171 17 299 420 166 215 459 479 132 190 197 62 57 288 136 155 82 143 72 112 40 176 454 283 140 8 417 497 408 118 366 357 25 126 497 361 309 61 23 89 139 360 499 14 112 205 445 157 428 415 180 49 314 269 247 38 0 
450 478 210 399 104 270 177 261 143 86 208 404 71 227 139 66 101 487 311 201 13 265 185 245 115 252 352 487 200 64 133 249 3 237 177 27 221 95 230 332 244 302 374 102 19 107 249 354 319 467 489 211 81 146 202 420 308 90 339 72 87 398 443 414 310 417 185 389 33 235 230 62 114 481 311 43 177 416 354 314 432 312 52 483 472 90 402 214 65 296 292 105 248 491 233 396 363 73 257 373 
69 65 239 182 16 60 439 161 171 352 11 471 436 30 8 184 178 348 255 331 74 373 0 413 427 36 388 270 163 363 118 158 52 176 479 297 491 269 146 142 363 101 432 185 370 390 368 239 84 351 391 41 264 85 255 312 62 406 409 217 289 238 68 181 330 110 216 454 425 477 359 198 5 25 145 223 86 62 150 96 340 481 288 135 177 100 353 447 23 224 119 360 329 286 303 133 252 122 375 74 
484 349 207 102 311 474 333 30 480 283 68 458 421 369 314 431 136 114 22 146 106 61 297 428 255 391 94 499 21 184 267 216 376 415 358 113 391 475 266 189 261 354 111 358 64 95 191 230 2 191 65 369 229 207 2 93 280 305 147 55 73 216 290 349 155 5 412 285 85 307 366 157 180 441 3 279 135 419 489 435 221 495 451 258 350 129 451 166 195 76 436 296 4 354 458 349 387 349 9 155 
87 200 142 65 69 46 203 266 461 85 206 127 12 254 188 288 12 47 480 64 337 156 442 314 107 450 176 231 448 173 24 93 363 329 258 186 36 464 408 386 31 321 116 25 175 260 252 417 492 361 45 414 121 490 76 154 65 304 432 419 60 104 302 187 232 86 426 200 2 395 355 232 259 36 455 222 287 441 391 165 225 223 453 181 239 192 60 188 62 200 102 211 189 102 191 352 479 79 49 158 
467 298 210 419 259 84 241 486 39 22 320 41 307 197 134 272 195 175 349 275 371 139 450 76 414 423 275 225 314 364 116 289 437 307 414 88 71 74 181 492 96 325 493 345 66 63 134 4 38 184 98 300 495 263 323 129 92 458 178 2 380 481 235 460 38 45 142 367 162 295 298 288 236 276 132 400 455 121 122 29 163 293 236 206 135 274 190 120 354 165 187 134 474 150 366 448 365 40 308 211 
160 249 273 331 17 129 430 55 389 47 118 442 242 216 427 194 149 14 139 209 448 296 132 97 94 344 357 132 167 384 326 333 121 426 102 485 307 170 314 414 213 305 297 247 224 423 70 184 291 313 414 197 130 273 75 393 431 213 176 105 162 1 349 432 334 492 205 253 284 121 218 371 429 272 153 322 136 24 339 227 313 445 307 292 469 13 317 79 337 358 142 62 188 148 33 37 477 101 85 48 
174 200 344 349 471 270 332 448 354 458 104 292 89 440 33 109 112 104 429 170 93 400 428 108 321 447 2 395 125 84 368 154 12 26 61 290 3 413 103 320 226 229 10 174 229 469 393 368 484 394 417 3 174 333 130 255 252 51 383 83 115 24 64 262 111 247 81 127 311 187 50 499 217 208 169 194 196 223 76 3 319 136 55 177 448 211 160 422 449 17 309 165 377 455 2 8 398 147 12 119 
113 102 181 228 335 333 465 195 187 76 119 48 167 108 393 310 284 461 49 402 192 195 380 496 338 88 202 97 41 306 38 15 89 308 87 385 362 371 249 10 93 115 185 447 388 460 445 314 137 30 487 126 306 3 468 421 319 387 499 213 324 172 238 354 77 15 249 490 164 422 111 30 430 412 321 285 116 170 195 322 463 280 476 471 158 259 413 343 335 496 83 375 272 257 305 165 115 306 0 473 
416 222 177 172 178 451 426 89 69 52 401 62 147 90 177 184 232 45 59 423 330 43 64 280 256 173 59 71 130 17 289 399 302 0 8 340 14 236 485 456 274 17 321 213 195 484 102 154 485 76 485 112 408 104 139 263 193 364 128 381 283 200 191 246 391 190 436 497 237 416 406 194 268 272 149 284 350 6 115 445 255 399 276 387 370 239 356 337 41 106 376 499 125 87 165 398 490 185 296 364 
148 425 181 18 434 395 151 306 9 380 3 224 357 128 484 444 211 153 418 118 342 240 134 48 136 126 486 343 220 318 126 452 401 344 421 213 468 61 28 264 2 46 335 336 216 206 165 74 320 104 115 129 180 8 8 212 260 17 355 280 279 215 0 30 154 6 128 310 75 242 483 274 352 392 371 32 306 213 147 289 47 498 121 338 414 416 300 201 334 140 288 245 413 301 231 121 455 189 384 178 
73 278 226 367 243 58 455 473 374 257 189 430 174 221 465 319 252 334 123 209 389 55 225 219 410 173 63 310 10 354 430 93 257 341 467 439 288 96 51 154 17 46 360 289 105 110 295 49 178 468 252 492 154 111 154 54 368 186 83 436 261 250 322 238 68 167 351 339 62 43 243 284 337 424 161 217 10 486 147 151 488 388 273 63 247 298 486 277 433 331 9 365 272 0 40 437 192 92 330 475 
266 417 234 210 57 227 129 127 419 348 373 151 291 464 468 457 254 93 218 289 96 398 399 250 105 479 147 423 124 53 92 278 330 384 81 153 366 232 275 151 91 447 16 485 7 127 394 3 419 189 3 129 358 274 246 469 414 49 60 336 172 48 24 205 80 394 496 241 342 205 342 212 179 449 437 230 62 481 75 17 412 224 306 282 30 215 314 494 119 481 351 187 457 410 288 236 304 81 7 241 
68 319 345 258 262 1 116 369 270 122 39 106 103 324 22 103 236 273 67 16 262 31 444 129 410 340 278 338 448 487 29 366 208 311 1 262 152 235 153 492 414 50 50 171 288 292 90 321 413 100 276 252 317 171 383 26 239 100 395 39 122 214 136 163 203 479 298 452 286 231 267 396 127 293 375 367 189 415 373 340 307 412 379 478 255 89 295 309 233 288 7 392 397 5 178 125 304 225 228 115 
294 481 68 488 119 283 19 107 424 431 88 471 177 61 386 225 369 153 234 122 455 330 253 205 274 320 468 383 111 316 482 296 239 265 14 345 77 480 222 95 108 291 71 167 124 195 474 49 217 215 66 214 317 256 243 77 144 370 134 174 465 83 294 26 374 275 150 422 334 444 460 326 482 431 10 19 66 62 359 263 21 343 84 9 8 193 319 365 131 13 424 214 284 388 94 434 117 419 444 345 
468 103 481 284 481 199 444 260 426 474 492 471 393 53 128 70 259 333 98 216 252 124 473 286 339 30 319 368 79 90 180 114 134 414 0 14 469 195 107 297 244 380 63 32 408 346 193 370 382 432 164 267 217 27 2 119 135 337 409 199 300 358 65 406 264 467 238 280 6 199 9 411 301 254 494 367 70 132 165 484 1 382 373 214 400 227 387 348 262 201 307 91 481 280 124 1 407 188 384 173 
313 243 319 58 224 442 214 384 311 76 242 201 249 371 280 276 369 478 88 446 351 150 159 233 249 129 2 390 82 63 127 274 37 271 325 65 453 118 387 282 224 59 13 180 105 455 446 429 387 485 221 132 383 8 147 69 464 87 264 170 193 146 202 222 291 480 434 436 437 60 181 17 364 139 222 454 326 254 204 406 378 132 218 159 345 235 156 334 343 128 261 344 153 391 236 146 309 244 408 280 
471 339 463 338 179 362 428 499 15 220 351 499 194 56 398 26 305 319 74 289 333 367 32 57 417 52 200 198 293 192 393 149 127 394 142 249 82 219 313 162 284 405 426 255 116 339 238 338 339 117 61 450 310 403 200 360 57 444 231 321 139 97 354 467 58 499 362 313 143 417 211 432 57 462 236 15 351 283 30 339 408 83 244 124 43 322 278 214 117 19 5 483 401 249 447 332 458 257 235 47 
365 150 43 472 107 69 20 106 303 366 186 180 211 202 489 107 263 387 94 219 26 25 166 178 29 158 412 451 70 104 145 330 441 253 117 87 445 311 95 417 305 322 273 190 28 363 162 24 362 346 132 114 220 310 361 151 471 475 72 470 443 308 176 227 229 350 57 452 431 337 209 56 348 62 213 300 452 480 100 219 428 127 264 48 445 322 208 177 297 371 408 141 443 5 451 165 280 245 446 152 
470 89 114 494 120 481 240 351 350 375 178 363 478 142 445 308 495 305 361 317 313 236 253 162 245 127 63 257 75 190 150 215 277 417 298 388 237 193 51 126 170 126 474 349 419 19 252 91 9 139 177 394 446 369 93 98 302 206 340 443 253 153 187 272 112 196 288 453 244 221 122 246 173 451 334 128 428 66 149 0 135 0 16 18 321 322 464 427 376 374 346 454 150 86 198 364 280 401 277 430 
345 109 353 7 126 129 308 409 499 111 416 12 334 164 242 57 25 95 60 265 313 60 452 207 30 122 442 402 164 146 265 350 474 81 495 112 413 308 482 192 131 359 25 10 145 276 186 173 38 136 459 368 1 326 428 249 354 107 497 10 192 302 452 466 193 309 385 406 426 164 412 196 245 68 263 287 385 238 185 279 36 377 326 167 102 302 80 349 473 142 397 150 336 109 310 357 257 485 283 372 
138 9 392 5 159 375 40 275 216 128 347 317 124 198 177 234 130 446 221 262 203 472 460 456 149 175 47 360 386 177 301 403 64 219 217 389 152 205 150 313 44 48 212 251 333 196 452 14 373 52 399 341 21 359 424 472 458 136 338 67 157 242 367 298 33 270 186 209 164 356 242 114 388 204 128 337 355 413 407 127 429 10 362 426 98 249 345 383 404 264 132 361 181 214 333 462 184 202 68 284 
332 150 83 333 9 399 375 86 347 378 453 332 212 46 433 112 266 300 205 245 206 127 113 151 123 310 134 278 165 423 135 255 451 122 63 231 50 0 4 34 392 68 320 298 178 447 333 55 54 390 66 57 360 162 433 100 449 267 131 431 240 137 394 293 281 487 420 243 163 477 340 242 467 405 426 332 325 136 91 169 149 342 114 424 406 367 283 165 217 231 464 85 182 417 359 284 206 179 52 446 
277 129 371 294 10 299 471 383 235 67 200 119 435 464 419 393 1 343 289 57 447 336 465 7 110 165 8 212 343 113 437 56 203 356 393 65 123 336 81 38 299 327 163 136 492 244 370 385 272 255 113 49 353 429 281 374 420 351 362 14 467 385 175 464 225 122 437 420 369 126 267 330 418 32 215 202 61 154 10 459 231 401 388 133 313 305 450 1 321 309 373 222 15 307 488 399 243 223 237 14 
437 420 320 395 339 470 327 57 41 382 273 84 363 343 481 360 130 478 162 149 296 173 265 319 386 443 214 68 434 323 331 28 246 489 493 44 354 153 208 234 29 64 173 136 303 44 302 307 37 175 390 181 445 441 34 350 408 269 83 284 17 150 424 433 376 483 86 462 67 301 338 289 84 284 79 130 391 31 458 305 461 304 298 102 377 215 339 150 301 245 369 230 293 264 28 458 336 373 323 8 
91 359 165 301 122 378 15 222 83 398 24 479 490 293 402 324 11 122 185 44 250 279 309 71 372 326 122 319 293 239 11 147 153 441 141 374 327 94 125 245 148 104 385 440 176 214 33 202 79 158 472 148 98 496 454 271 376 326 156 59 111 449 312 322 257 192 185 370 240 164 101 135 362 405 125 361 196 159 484 428 125 454 408 101 154 234 210 273 41 321 384 479 118 283 308 278 452 125 490 438 
364 37 94 40 347 461 63 437 189 400 327 140 470 136 401 31 116 50 135 393 341 236 459 402 35 237 132 239 133 314 484 257 399 375 73 174 273 192 61 353 492 157 290 75 13 463 130 164 114 449 142 52 370 57 377 141 241 60 340 32 436 205 63 257 170 24 126 468 315 154 141 121 100 402 221 152 467 64 12 173 240 149 495 382 228 142 298 103 116 410 71 393 114 304 163 162 464 78 461 220 
302 467 404 204 169 288 88 461 87 325 431 297 244 88 78 386 93 374 421 417 129 432 355 199 426 453 419 453 33 315 406 406 496 83 382 163 319 413 442 430 405 271 43 25 40 148 198 209 459 40 416 234 247 219 302 234 480 323 205 402 486 494 408 340 83 322 379 277 331 399 260 432 301 26 8 412 3 431 177 171 326 458 185 499 99 345 181 457 161 186 431 304 430 54 269 311 219 301 167 387 
180 8 66 211 432 242 418 496 170 20 61 195 40 311 405 180 239 68 112 165 396 414 210 212 97 421 443 450 139 234 57 88 2 490 308 186 33 476 404 73 272 411 179 149 263 347 220 0 385 394 67 366 193 174 389 201 184 234 202 58 159 438 294 1 362 343 285 150 116 42 103 269 201 352 15 274 430 450 277 476 484 13 173 171 104 4 126 140 45 81 476 314 371 294 162 2 19 445 383 70 
42 430 351 193 46 307 440 218 290 32 462 379 341 60 375 368 494 271 239 421 3 266 44 336 412 48 145 26 429 227 408 19 410 386 488 483 53 420 144 268 401 105 161 274 259 155 274 118 38 408 89 423 499 41 37 116 496 246 266 265 172 265 253 280 168 296 125 67 169 51 201 389 370 281 463 249 434 401 320 257 421 213 236 318 211 374 244 287 154 31 251 169 61 118 430 242 77 339 344 361 
263 44 344 380 110 4 496 111 491 316 353 492 441 51 48 339 474 217 37 389 187 147 326 243 67 296 303 433 440 331 459 107 137 423 121 22 351 319 391 32 248 167 31 440 177 118 57 438 284 471 176 101 213 437 492 254 91 58 123 56 337 383 291 272 250 464 467 431 364 296 446 137 188 134 432 393 246 211 102 126 334 482 4 280 427 275 181 220 460 308 31 455 196 441 396 378 294 356 172 398 
465 180 299 110 252 417 221 14 82 456 224 172 11 315 23 153 34 400 133 185 198 471 483 384 222 316 65 438 86 37 410 355 51 244 487 390 46 129 182 107 196 83 235 99 132 19 315 357 353 420 55 22 489 417 91 196 198 152 364 23 405 129 478 376 329 90 354 442 65 132 255 385 376 114 415 260 135 52 389 168 212 239 357 323 446 431 319 230 185 389 323 229 423 234 256 474 247 192 212 21 
305 471 428 200 223 443 316 227 230 128 33 269 251 93 485 435 376 85 251 388 54 335 479 374 45 406 280 236 406 85 376 372 387 407 112 347 379 60 421 363 481 173 495 484 423 87 392 303 283 132 322 250 257 131 68 368 66 411 438 223 109 172 400 67 394 414 305 459 71 255 24 57 414 29 302 46 223 119 229 322 28 234 125 73 22 15 134 343 478 235 469 106 44 387 302 129 70 185 389 343 
64 415 383 488 487 55 407 327 228 226 422 217 6 345 336 217 390 292 420 456 202 309 2 191 407 297 375 410 88 361 368 216 404 296 495 325 315 59 382 374 288 241 93 199 433 327 251 485 212 99 176 459 317 49 285 230 475 34 415 20 83 65 100 433 250 182 91 27 479 492 383 72 337 94 175 5 62 30 285 286 384 438 384 19 99 283 150 81 335 62 417 356 315 100 292 491 3 225 177 79 
218 132 454 17 351 282 300 163 232 249 244 203 115 343 301 400 20 359 352 5 84 213 383 309 9 256 75 294 410 445 455 256 432 362 490 175 80 438 336 456 15 495 282 229 156 16 114 356 445 305 197 176 397 383 351 56 84 36 130 385 263 122 439 55 485 86 277 157 394 489 423 460 144 230 140 459 339 155 53 464 469 97 411 174 298 264 294 304 84 124 293 217 398 208 35 32 170 157 449 477 
401 194 168 276 46 165 250 434 41 359 80 259 313 231 307 451 51 220 188 279 54 188 20 381 196 415 495 302 170 141 263 60 55 451 185 260 77 156 324 66 413 291 128 331 392 79 85 133 1 376 280 233 160 344 118 378 152 324 469 166 134 287 95 469 358 147 52 24 253 347 265 174 187 449 169 296 86 33 297 223 303 222 288 444 269 460 285 115 234 381 447 19 136 95 440 177 353 110 389 6 
19 258 294 218 408 160 375 27 399 434 114 127 157 351 430 441 438 48 299 105 259 295 51 14 414 246 148 259 397 196 18 137 282 465 287 104 430 84 154 456 336 336 97 162 344 152 395 318 389 372 329 303 354 447 11 58 400 402 453 4 425 361 30 367 343 188 204 301 120 249 453 2 488 477 159 51 383 379 411 155 269 412 163 307 191 243 455 352 220 177 212 71 113 393 216 173 464 364 393 496 
419 247 422 110 483 343 294 123 446 122 138 324 190 328 208 350 255 425 53 120 128 129 97 493 21 144 409 322 304 143 54 475 121 234 443 283 270 372 422 149 410 300 7 220 389 33 226 310 305 368 440 73 108 340 471 478 182 370 409 70 480 430 274 238 257 2 441 246 64 446 49 274 266 396 224 495 65 385 95 471 181 243 291 19 70 496 16 409 11 87 20 235 42 42 494 122 171 372 39 50 
205 167 297 317 318 264 423 94 114 158 316 256 36 324 447 451 320 111 298 239 432 180 245 387 429 9 6 371 324 66 135 468 265 82 411 203 379 87 281 217 325 142 9 34 297 446 56 457 357 72 6 167 450 363 166 122 277 349 26 404 147 69 323 332 441 259 23 300 108 381 441 355 181 79 414 241 472 313 234 344 146 19 412 194 76 221 257 61 455 257 317 282 456 2 472 497 125 142 349 347 
173 226 53 25 362 423 390 24 113 193 100 249 42 40 444 299 171 367 303 115 417 180 33 436 40 83 454 75 171 463 225 492 358 302 499 498 441 44 150 171 85 222 243 296 329 439 113 335 405 48 324 417 390 248 248 243 70 294 109 204 97 98 142 25 456 157 169 339 453 97 27 75 295 64 256 132 488 236 357 258 460 39 39 195 451 72 51 182 226 54 281 309 42 175 409 139 70 367 149 367 
362 382 239 340 464 19 233 197 425 399 426 467 131 290 210 128 182 176 258 410 233 6 281 77 182 38 490 173 117 412 335 427 25 451 90 441 355 220 6 421 210 112 425 38 455 8 331 493 18 104 465 455 430 236 462 214 282 211 201 137 91 33 325 155 28 304 42 459 312 93 377 289 375 7 381 117 83 268 99 17 128 312 423 288 129 355 144 452 337 202 210 379 230 104 450 442 354 389 137 454 
455 203 184 315 379 469 408 57 407 212 482 257 339 276 273 485 27 75 347 316 236 468 340 228 386 66 45 473 408 406 40 52 217 411 469 499 306 60 236 357 436 115 220 257 175 384 203 300 58 172 167 354 97 447 233 80 185 228 219 187 332 199 71 364 109 443 274 133 472 25 487 383 452 13 484 120 320 472 361 354 9 290 131 333 166 260 183 42 69 192 280 281 121 132 98 332 151 93 416 300 
122 397 327 411 286 114 487 438 387 164 175 450 205 137 272 350 383 12 339 95 290 432 40 278 3 17 181 309 212 251 142 340 159 119 152 394 343 386 409 329 183 193 497 26 252 289 358 256 150 486 5 358 374 483 46 191 367 115 195 54 203 143 242 118 183 82 372 156 77 202 434 198 212 345 30 394 101 118 429 196 265 217 264 360 199 212 387 287 28 132 406 4 312 56 238 254 455 164 318 160 
215 192 214 248 335 54 331 311 248 364 493 33 452 191 393 304 149 357 48 395 230 262 428 198 75 378 123 195 429 456 441 46 101 125 173 396 447 234 344 405 466 64 293 496 129 339 289 463 454 217 123 99 182 179 265 85 37 132 161 342 492 497 278 328 88 370 238 125 32 287 133 443 106 120 79 229 414 309 394 357 124 156 336 6 215 473 43 288 90 336 352 422 185 45 21 192 107 89 270 437 
39 291 77 370 332 38 101 471 314 196 344 341 478 406 489 249 125 447 201 36 168 409 395 420 286 339 177 198 98 280 169 360 111 276 250 269 85 348 80 486 34 350 93 180 381 31 312 483 137 156 370 1 253 103 68 75 194 263 180 315 118 341 71 411 52 289 306 329 384 256 240 260 205 298 247 313 43 195 346 389 402 338 499 226 368 466 41 188 238 221 44 418 230 166 116 434 95 22 486 217 
293 456 308 102 423 17 0 285 187 90 64 171 232 444 424 164 117 415 63 47 477 333 174 257 346 49 143 492 435 418 454 170 189 50 482 315 140 233 430 315 342 312 439 56 403 374 333 138 149 464 82 231 363 132 290 21 155 352 265 210 124 371 458 136 491 433 460 257 309 87 238 32 354 254 490 296 352 280 301 185 155 158 281 345 44 400 304 8 388 498 98 235 482 488 133 434 163 369 179 276 
5 471 207 435 146 406 395 400 174 458 490 408 408 178 82 248 61 138 176 190 89 47 226 204 186 93 200 256 18 454 79 245 304 226 47 433 382 93 144 436 430 492 214 124 454 34 211 93 185 490 57 178 150 123 237 81 143 191 267 240 375 312 103 96 371 138 280 342 111 472 191 459 107 378 142 20 423 71 61 323 80 157 380 225 204 146 186 49 154 304 330 123 134 7 397 248 137 212 51 385 
388 29 229 318 353 328 294 426 487 198 296 335 375 481 269 223 230 172 171 84 481 101 201 360 239 327 375 414 158 437 428 391 313 122 185 384 12 271 345 75 360 422 83 389 321 60 164 7 485 321 486 223 282 234 348 237 215 0 458 61 187 247 259 131 67 170 261 286 321 349 21 113 72 350 60 464 170 133 161 249 72 313 200 454 177 108 126 218 93 246 266 182 171 260 351 250 141 388 123 212 
15 155 236 324 462 156 133 296 67 495 439 335 335 200 349 360 444 269 440 408 485 457 459 328 182 343 294 300 35 166 444 69 186 34 491 399 415 379 411 219 315 88 68 482 234 99 204 246 61 287 350 87 84 286 396 40 61 312 98 240 133 383 132 325 159 472 406 403 394 87 310 246 182 335 234 124 6 492 78 208 164 408 72 370 89 251 210 382 235 430 128 170 292 91 331 474 417 211 453 308 
139 252 410 492 364 108 210 297 430 429 216 133 315 98 369 86 281 241 270 441 132 447 368 63 215 370 421 29 372 206 491 261 203 374 330 55 450 495 191 177 366 288 400 397 44 268 395 434 482 441 177 366 72 58 421 103 151 168 321 265 365 92 233 50 180 89 196 327 259 300 423 383 219 319 114 437 3 313 456 255 366 366 274 24 72 407 477 41 427 229 152 476 163 27 280 68 249 329 62 189 
4 311 340 139 204 332 384 177 74 79 445 64 76 131 404 344 75 122 146 110 379 165 2 250 230 42 350 151 127 394 61 81 360 460 195 346 313 473 200 332 71 125 106 250 141 454 146 9 186 48 89 377 423 188 267 432 190 457 479 274 348 380 221 198 127 467 360 44 119 217 256 411 161 227 339 109 96 114 85 228 204 439 426 87 56 307 43 426 364 4 129 54 451 251 413 28 105 464 327 180 
272 372 86 409 49 109 127 76 289 491 41 0 357 340 288 356 13 396 161 87 499 399 342 14 360 72 407 317 451 67 243 343 399 381 355 115 61 211 343 263 149 28 302 314 69 171 1 11 414 396 227 99 4 74 319 51 240 433 277 330 320 73 74 492 41 218 302 72 420 189 211 388 379 39 196 486 425 373 239 216 352 348 311 172 250 141 308 5 334 64 336 362 492 28 170 32 180 222 369 386 
111 147 343 376 495 399 250 283 436 100 31 44 302 390 490 267 233 465 17 87 198 23 96 227 212 430 4 239 179 29 266 414 480 406 435 226 325 316 498 70 42 422 257 11 248 192 75 143 449 320 434 418 165 436 108 33 383 453 168 28 447 180 406 6 334 268 107 144 242 99 242 430 148 389 221 201 219 325 384 274 19 3 470 221 414 26 394 377 105 27 106 259 166 473 473 338 409 218 26 210 
197 386 219 240 281 307 43 408 322 156 467 232 26 223 123 433 133 80 208 147 407 27 381 397 103 345 387 341 370 457 17 413 151 418 204 167 433 355 462 339 245 423 345 78 214 170 275 361 91 24 79 22 476 276 446 314 63 64 71 436 40 167 24 381 410 231 211 368 25 1 375 264 149 389 78 128 24 254 162 454 134 77 235 171 196 316 337 289 400 231 419 370 207 214 343 149 60 230 218 291 
403 392 262 203 113 222 426 25 287 61 410 335 353 59 176 321 148 402 246 243 313 240 93 380 52 445 157 394 33 149 478 407 346 394 455 13 153 386 153 366 67 165 226 465 181 86 406 189 34 274 449 3 474 393 226 494 218 155 236 431 499 326 479 481 55 50 478 226 169 177 26 74 89 121 241 284 368 446 128 283 293 84 109 270 476 16 186 227 241 358 234 253 480 391 177 496 432 192 366 477 
106 259 318 330 468 396 136 335 437 419 319 134 286 468 244 420 346 307 112 192 390 13 428 455 308 346 299 33 0 260 348 115 415 360 233 337 320 444 247 303 493 189 191 298 39 46 488 236 496 60 114 184 323 332 446 346 89 254 311 123 52 251 4 91 165 40 51 56 385 200 262 47 182 236 192 356 3 118 366 107 382 101 302 96 399 439 72 338 245 46 375 359 466 303 266 266 430 192 216 7 
100 12 24 68 198 409 273 144 58 201 486 364 469 389 25 307 363 174 405 482 7 452 232 356 392 41 454 176 136 74 211 465 328 480 195 469 45 350 392 289 281 25 343 480 337 216 135 454 197 397 434 6 420 67 286 255 334 73 471 460 215 12 25 463 130 384 321 103 305 341 435 444 443 307 55 30 340 438 184 0 272 344 35 280 71 319 212 220 258 456 379 435 177 160 311 56 457 256 71 353 
72 188 367 16 441 408 356 303 380 11 299 398 424 3 168 77 92 468 192 170 294 156 88 56 348 8 62 129 261 309 1 352 286 337 84 206 133 474 67 190 168 223 5 124 150 114 413 280 427 70 140 50 302 431 131 187 96 142 209 285 82 201 214 68 161 26 254 238 77 67 396 260 228 462 135 177 105 294 6 479 101 85 441 363 496 447 123 66 331 484 415 385 461 345 8 376 227 133 12 91 
221 497 438 453 397 180 487 350 410 177 498 370 413 270 19 102 94 90 338 371 279 16 383 384 329 66 29 329 324 329 499 38 243 222 143 384 286 162 365 422 343 116 98 326 476 479 230 283 436 227 166 386 243 128 250 192 82 474 242 350 334 117 359 106 181 485 309 42 356 58 43 466 114 108 98 323 444 401 469 212 56 173 352 304 36 199 192 274 9 291 35 272 223 103 204 116 302 442 125 90 
305 85 295 345 127 204 214 48 55 289 102 456 420 194 260 493 317 13 121 124 93 23 416 335 462 490 418 143 303 232 363 65 487 292 170 180 212 331 441 294 89 261 495 369 223 269 106 192 290 418 149 490 246 360 208 150 372 314 353 56 39 177 219 410 190 325 416 115 363 439 237 260 368 271 253 64 250 362 494 49 436 94 427 411 77 473 125 237 48 407 96 210 62 80 472 478 352 398 285 317 
35 155 336 55 262 333 484 444 16 117 379 354 313 53 344 452 353 446 33 61 434 469 276 290 84 229 488 261 191 89 301 211 309 322 167 426 487 65 263 402 233 162 374 300 295 407 24 165 270 150 117 154 214 69 453 468 282 325 321 158 431 312 419 280 228 2 242 494 33 181 439 157 5 73 139 226 30 101 291 161 220 335 216 491 421 33 227 171 223 318 76 441 178 6 136 264 300 470 425 91 
