290 443 270 494 245 37 384 388 64 153 418 251 183 361 190 294 90 321 142 131 386 360 230 61 406 44 94 333 112 338 449 326 246 285 63 292 250 206 276 304 354 328 475 118 248 201 18 211 105 360 262 274 30 137 350 209 251 262 23 207 68 51 370 96 74 40 421 215 311 413 246 215 208 310 234 165 409 160 498 65 26 265 107 195 289 171 295 168 156 199 166 357 421 187 474 35 55 208 231 96 
283 210 222 29 486 16 444 36 464 420 49 55 178 450 281 6 216 160 207 318 102 35 409 18 244 420 11 431 323 193 315 362 486 437 483 365 325 388 125 398 332 108 212 58 464 469 124 342 326 15 272 482 416 50 370 23 303 101 43 211 249 159 31 394 364 346 199 215 208 276 264 444 362 68 379 18 64 401 16 364 295 365 68 53 434 356 406 192 333 66 23 176 90 138 476 132 362 173 352 444 
127 323 123 157 365 360 294 394 239 497 232 291 263 16 57 170 340 397 413 368 455 99 58 337 108 31 214 3 279 66 351 128 155 237 428 242 313 28 357 178 256 3 393 64 31 29 55 42 363 182 218 455 223 468 306 275 381 264 80 496 380 461 420 178 175 361 144 230 106 28 319 111 267 66 51 183 58 412 0 321 6 317 423 310 384 353 77 281 297 402 380 354 391 439 438 451 347 105 7 410 
73 300 286 1 128 130 262 135 268 86 179 30 353 279 362 385 115 186 305 252 18 306 152 114 398 330 407 174 411 440 453 325 469 0 480 99 348 239 318 468 478 25 267 369 33 109 376 119 250 115 272 27 58 434 477 67 485 415 141 216 152 474 189 312 15 232 14 298 174 305 282 487 235 82 61 411 253 141 41 245 92 200 382 319 205 116 367 262 358 423 149 389 165 343 429 499 286 352 119 397 
435 0 187 20 479 362 441 136 497 117 401 214 98 289 429 212 57 206 105 307 191 64 487 108 359 319 83 233 126 361 345 301 2 168 302 186 311 416 175 431 294 304 39 75 158 107 287 1 28 430 481 65 316 232 366 197 148 471 104 191 3 9 162 394 327 181 164 326 330 11 418 325 287 105 241 364 87 164 222 319 74 343 17 156 27 338 120 121 67 233 143 268 46 265 127 359 370 243 248 376 
492 133 412 486 360 222 61 140 129 118 348 241 461 100 438 29 14 170 163 288 153 106 126 457 150 46 452 92 440 463 101 259 218 213 51 489 210 222 256 220 225 143 438 448 271 191 276 84 392 303 300 209 296 191 443 433 31 215 165 398 388 439 202 387 355 166 280 318 380 201 121 247 474 61 79 332 91 399 31 317 242 227 491 305 159 418 259 469 442 119 182 185 342 177 36 269 179 322 235 98 
422 427 422 317 440 478 17 120 394 144 402 174 303 413 476 403 450 52 438 93 454 324 306 36 47 11 323 133 162 296 135 325 236 196 425 124 312 416 78 216 123 410 131 166 243 49 186 204 458 190 152 320 175 73 194 408 486 307 323 230 401 80 54 438 231 136 136 78 8 110 479 433 106 13 192 91 158 3 138 352 14 259 237 494 69 93 86 201 223 99 227 141 259 186 218 250 162 11 25 383 
343 12 56 455 143 370 66 5 73 395 237 94 262 322 68 181 65 62 414 418 135 417 233 397 189 307 440 480 294 345 105 268 90 290 265 373 419 227 165 454 207 257 469 355 390 205 27 270 250 371 158 7 141 460 307 91 142 385 152 489 237 335 87 217 419 60 146 456 125 165 208 75 441 142 210 198 131 99 424 376 141 396 185 253 241 224 386 339 194 277 441 45 381 435 457 273 461 422 394 75 
265 96 385 194 349 12 458 328 65 64 379 169 485 425 253 152 211 269 410 280 153 55 213 287 194 238 165 236 9 156 326 279 156 265 386 499 438 316 95 356 46 188 482 77 386 266 200 303 372 291 54 310 488 312 258 300 186 401 168 164 281 294 74 256 389 282 104 398 369 451 55 303 208 463 288 53 412 140 23 215 123 282 232 386 58 14 257 39 415 410 194 402 463 280 426 369 172 289 239 322 
4 295 460 60 30 141 124 341 60 481 33 71 177 102 358 184 223 151 206 100 481 355 135 325 363 43 58 319 454 329 155 263 130 410 18 428 37 110 55 440 289 478 236 428 289 139 85 207 200 389 257 489 98 423 458 59 484 225 461 249 298 473 291 434 231 338 291 151 63 90 149 375 147 464 146 482 259 453 301 180 204 150 450 116 456 329 64 24 62 455 284 479 240 163 20 107 415 341 493 272 
222 365 406 461 219 57 8 104 431 364 398 387 75 265 372 33 91 463 394 165 457 6 27 399 469 438 486 77 291 90 158 352 206 320 169 235 212 291 114 38 498 329 3 403 350 50 304 433 117 204 354 450 458 436 42 339 144 366 33 165 127 45 8 250 249 437 180 328 494 412 144 205 427 98 250 256 27 268 342 416 160 336 320 334 48 183 337 75 273 151 81 410 313 310 316 271 401 497 217 93 
398 386 130 397 498 292 5 339 465 437 470 489 155 207 210 102 175 238 271 184 176 61 446 217 243 241 241 126 254 417 65 442 451 392 491 81 268 364 105 228 285 216 23 32 119 497 138 25 143 236 290 222 450 232 251 441 468 374 65 132 478 176 208 42 305 57 268 98 408 328 389 94 237 285 227 103 342 486 262 400 257 299 492 348 2 96 89 499 201 497 186 317 23 49 401 49 113 227 85 428 
330 302 239 98 496 272 424 127 467 18 436 82 445 494 330 398 53 185 288 63 348 310 125 44 381 486 138 484 382 229 222 262 27 233 197 423 203 486 43 211 371 37 252 380 365 373 375 82 133 363 180 96 248 265 22 121 158 426 413 283 352 303 311 360 338 169 117 278 120 217 168 329 284 320 344 466 71 436 321 14 320 362 332 51 162 494 369 230 436 480 423 246 155 209 335 159 75 489 49 395 
13 242 467 401 245 241 43 195 42 131 478 254 234 443 318 439 284 113 278 188 178 22 172 123 156 119 168 39 166 139 317 65 270 249 495 416 338 473 452 20 455 122 12 163 74 0 444 261 465 187 248 30 89 291 327 265 342 457 300 215 316 162 215 32 241 411 429 342 424 93 376 380 412 57 205 348 316 227 255 344 57 494 96 86 220 163 366 470 434 291 76 348 308 202 269 138 440 114 30 18 
442 435 159 472 215 300 497 486 16 450 31 5 1 32 330 168 399 6 231 99 6 246 191 201 471 467 281 440 75 232 479 389 412 241 112 319 288 360 378 233 43 295 56 48 468 475 274 461 302 324 371 303 405 320 267 215 408 266 285 293 244 279 47 110 95 10 285 166 54 31 258 312 271 485 117 372 58 21 104 21 78 490 434 454 328 34 470 238 303 237 54 70 281 293 85 210 134 413 496 317 
329 23 135 160 427 307 471 365 300 277 187 347 26 134 108 486 441 321 125 489 420 353 327 442 410 257 368 356 145 384 499 63 357 294 391 316 276 419 379 173 113 66 172 43 455 293 49 120 371 363 444 364 32 418 118 63 281 334 25 393 128 258 119 256 311 218 31 497 132 308 334 497 417 198 132 391 447 32 184 303 334 294 455 132 490 105 441 149 280 210 36 269 324 131 119 5 290 185 410 291 
118 294 339 32 256 160 220 344 204 317 374 37 315 424 74 469 190 112 13 137 414 212 1 107 320 271 262 442 126 233 238 461 171 493 129 260 103 192 251 429 166 378 287 350 188 87 104 226 109 277 90 59 120 188 140 208 481 206 315 454 239 149 145 411 270 425 175 189 161 446 120 380 155 345 59 27 492 294 434 92 230 498 360 166 297 166 60 207 250 332 15 258 318 436 312 454 439 138 186 120 
259 326 342 341 469 148 26 376 492 237 340 235 117 277 319 3 273 122 454 185 347 377 370 290 175 280 75 6 50 316 142 73 188 184 54 293 252 313 99 264 82 360 486 390 183 177 162 369 36 284 402 93 72 437 124 9 48 116 390 194 484 439 259 395 400 320 48 160 458 434 355 280 385 323 84 237 311 129 90 125 235 61 336 328 270 137 489 435 411 60 333 483 200 356 453 190 275 19 396 273 
321 470 142 71 150 466 37 97 233 95 307 119 17 307 76 389 96 235 448 77 359 444 295 48 434 441 411 52 390 243 397 69 152 213 80 42 356 113 67 430 261 206 217 222 118 131 25 417 482 20 455 3 185 316 129 402 271 243 94 399 248 441 365 427 308 251 489 389 143 304 280 139 216 354 32 135 43 322 13 496 209 453 464 268 143 440 199 269 70 71 162 407 281 278 34 100 456 76 192 295 
311 491 173 197 230 299 395 241 151 150 182 313 100 484 204 453 347 261 61 208 3 100 11 9 82 364 261 248 308 440 251 4 357 146 325 19 281 133 223 20 35 337 297 1 487 239 66 466 177 241 123 456 55 105 309 428 438 261 254 170 120 231 496 286 472 422 438 198 91 48 436 442 445 49 9 27 319 101 288 397 368 489 144 424 485 428 459 377 333 279 341 74 229 437 228 394 240 185 98 162 
227 33 154 33 63 440 324 340 319 89 232 205 120 134 5 128 133 8 371 164 144 144 201 309 14 306 482 379 478 288 246 282 69 210 269 273 496 109 400 455 255 289 375 296 329 214 206 262 152 348 383 48 210 331 171 131 399 259 32 78 125 264 442 70 274 0 177 7 281 103 447 101 244 116 89 139 284 23 135 388 237 54 412 82 299 496 403 435 157 10 456 90 85 92 98 179 309 424 241 30 
149 224 95 342 409 122 18 493 467 31 264 246 128 61 305 377 304 278 473 258 299 109 232 33 423 271 282 401 454 368 330 200 492 451 328 453 186 351 346 71 293 428 184 217 377 173 184 34 383 499 41 80 417 434 142 283 398 447 145 203 34 481 280 126 131 480 484 83 359 287 420 180 367 385 377 321 349 222 135 409 323 498 350 216 452 235 170 45 198 283 460 426 452 84 467 446 116 455 17 251 
453 174 129 385 191 254 441 253 451 408 19 185 333 259 106 158 351 54 110 475 440 354 387 86 388 24 466 356 89 4 41 154 339 356 97 237 496 370 61 45 404 31 164 266 323 19 23 75 106 305 416 56 167 490 170 301 67 248 359 4 458 471 482 395 434 313 452 117 139 19 77 211 239 456 402 385 396 192 10 239 290 231 86 261 83 430 477 138 328 306 460 132 486 113 157 219 196 286 254 125 
207 468 412 97 264 377 301 226 280 215 59 329 286 372 82 121 124 434 255 31 251 309 358 475 437 472 1 10 167 149 138 420 180 397 379 227 135 91 164 68 204 400 281 434 22 403 141 157 83 174 414 325 497 237 109 287 431 469 72 23 163 379 442 418 466 6 411 266 17 495 68 180 19 348 178 317 471 66 198 449 251 306 408 271 36 366 4 81 89 313 276 226 346 213 468 329 206 408 22 285 
421 11 57 85 41 69 100 79 415 200 231 296 313 203 82 494 387 72 109 196 422 122 410 460 354 57 61 114 127 197 152 497 367 237 411 368 247 61 252 263 221 441 182 326 379 415 435 293 107 331 418 192 370 234 354 169 475 117 32 496 494 186 59 254 224 259 414 369 40 266 226 54 490 330 464 156 259 15 17 109 106 451 4 423 302 467 412 8 3 160 199 21 157 135 154 83 403 339 85 451 
288 114 465 276 212 165 261 462 189 452 298 253 31 72 103 31 49 91 435 6 12 89 76 457 202 21 164 385 360 264 450 3 484 443 303 428 382 383 261 139 63 228 103 483 146 167 259 416 335 321 201 331 421 374 488 133 141 34 242 467 363 422 267 204 83 383 154 347 308 252 119 144 243 225 340 424 492 38 447 235 313 356 68 58 463 46 227 365 144 316 124 278 457 68 33 455 237 437 359 80 
111 105 229 457 481 73 73 346 152 90 416 436 98 78 285 171 377 273 285 28 313 221 397 442 33 488 479 251 491 397 74 48 186 372 253 81 223 390 486 193 22 60 187 490 466 386 452 27 251 483 194 255 444 91 343 186 28 333 379 41 84 199 75 78 277 319 92 276 115 203 114 280 79 14 442 161 353 56 288 158 218 276 221 201 491 445 252 182 421 123 167 100 452 31 25 371 405 308 78 327 
461 291 78 332 342 86 209 203 160 152 135 235 184 12 371 279 144 251 377 475 4 139 321 461 423 29 210 303 169 269 386 78 491 348 190 481 339 43 414 157 446 150 451 71 407 455 384 460 178 497 18 17 345 331 318 412 290 277 496 157 177 228 358 324 135 85 78 497 215 216 19 326 200 278 49 117 151 397 236 205 406 82 399 131 129 144 109 32 4 379 176 90 154 279 104 226 480 126 222 63 
389 235 493 68 104 176 397 270 295 267 175 34 459 124 60 354 279 462 145 426 214 315 321 397 331 149 241 127 311 79 25 229 93 131 4 231 272 237 10 262 227 19 148 222 5 222 196 289 68 162 77 221 226 86 233 318 252 94 85 468 339 36 209 456 372 232 260 456 476 31 366 0 379 15 144 34 300 425 356 485 42 254 135 70 46 370 222 431 41 238 492 176 436 233 148 379 44 430 169 407 
415 116 219 336 32 141 120 329 101 459 208 398 331 352 209 112 106 100 62 22 99 37 17 205 170 194 303 275 12 21 410 3 253 262 482 424 241 387 497 420 55 73 272 123 107 94 231 316 264 353 35 483 137 279 257 296 306 88 21 23 217 329 133 457 314 422 455 161 142 107 242 178 239 195 188 128 352 258 103 406 42 492 153 383 448 352 241 415 499 333 4 448 185 278 256 236 83 33 254 286 
380 223 18 268 423 202 19 291 60 450 228 93 424 256 246 430 331 440 302 390 369 66 70 13 215 124 168 101 6 246 419 208 214 450 260 342 309 184 110 429 106 76 477 149 52 443 456 203 434 364 479 0 197 104 196 91 151 491 260 335 426 160 305 482 144 175 373 75 25 487 461 201 375 443 263 139 232 224 157 459 181 6 43 50 458 245 406 158 418 68 394 479 144 325 157 30 286 48 33 435 
357 365 228 437 294 351 430 347 267 290 231 361 309 315 37 403 20 239 148 133 251 337 468 97 394 272 107 488 265 84 384 147 59 292 347 377 371 40 130 349 282 283 255 446 133 376 474 448 216 48 454 77 163 456 83 44 67 249 139 330 16 399 73 495 43 222 213 134 159 10 446 279 204 254 120 157 477 299 138 61 73 354 11 189 244 71 75 432 252 184 320 469 324 137 486 483 147 329 272 264 
20 129 235 496 281 275 376 347 246 334 281 409 11 52 56 310 364 4 88 167 428 257 144 427 212 114 473 441 141 196 122 158 365 97 358 182 261 366 421 8 423 291 123 185 379 450 17 455 238 333 162 406 75 328 417 400 52 406 195 424 488 427 216 152 143 446 373 473 285 263 8 39 0 48 191 104 487 412 406 13 359 44 412 336 29 473 104 260 28 226 244 42 313 306 126 224 424 40 148 103 
456 115 277 212 50 116 446 407 310 410 355 12 494 416 423 163 359 216 289 446 333 80 216 431 167 65 43 487 479 76 217 289 271 88 220 244 455 303 120 357 477 436 79 423 295 293 479 155 292 334 104 378 238 345 210 216 66 188 12 468 232 116 418 278 188 299 217 187 110 16 181 243 354 198 488 91 387 422 404 33 485 281 408 349 363 462 99 349 186 71 234 329 116 289 293 335 61 44 231 37 
288 497 333 108 428 84 36 231 241 81 490 345 20 230 74 23 301 469 419 1 96 362 223 374 338 56 384 255 206 372 383 196 239 85 284 289 152 198 68 4 373 145 300 162 411 70 399 239 259 240 246 137 363 157 383 84 490 439 240 120 366 9 145 175 94 184 245 414 404 128 315 441 379 91 367 45 366 135 65 478 221 245 428 13 180 268 8 311 137 100 144 2 176 169 341 156 458 299 361 330 
458 411 363 483 96 225 459 113 19 247 36 127 252 254 13 139 433 420 241 314 190 262 386 34 239 243 415 231 49 264 352 446 318 297 414 441 11 188 348 475 400 405 238 215 423 170 16 322 208 391 77 262 141 212 452 104 80 374 198 134 133 248 102 461 146 219 25 340 316 184 42 298 268 92 177 141 422 192 262 352 249 339 401 194 455 108 103 355 157 120 144 466 250 19 302 296 268 362 140 272 
320 53 320 239 44 10 446 18 214 354 43 314 226 402 449 95 246 437 371 492 354 56 19 10 19 410 114 430 204 89 55 40 106 432 396 14 307 38 61 294 38 91 351 83 9 474 344 53 105 483 220 474 213 170 15 451 372 351 396 368 168 15 186 321 107 287 20 326 333 308 122 360 482 331 217 292 126 89 296 63 233 434 385 18 476 434 446 84 17 376 317 138 270 170 336 430 261 456 181 172 
95 132 81 480 410 406 179 328 67 37 435 297 112 238 108 131 78 268 171 411 243 311 245 255 81 65 394 360 322 69 103 339 455 38 45 60 267 212 203 372 450 89 442 32 265 15 95 114 116 76 241 40 381 354 319 64 102 427 136 474 354 164 477 336 244 270 207 177 40 477 298 395 390 161 153 220 297 377 327 487 112 174 293 220 307 300 381 128 224 202 190 45 499 268 305 266 447 288 415 54 
30 262 208 126 360 421 24 220 354 341 484 365 20 166 83 143 477 472 77 339 303 13 340 253 411 313 249 186 250 0 333 281 43 225 144 49 331 21 363 33 130 253 285 49 256 32 487 336 392 100 220 311 124 236 417 149 321 62 14 211 496 299 281 394 5 91 92 439 399 257 97 30 397 490 152 470 359 41 232 308 363 439 162 214 397 159 215 462 274 77 40 482 457 255 198 302 116 453 2 97 
356 213 275 28 469 333 7 477 333 103 204 134 211 381 490 476 265 322 36 59 125 285 234 163 138 425 110 321 386 465 99 346 191 117 65 179 440 124 47 13 110 151 369 67 371 114 298 50 257 482 145 449 470 446 46 173 130 314 427 138 373 117 75 267 319 449 23 114 482 273 168 11 51 30 48 303 55 158 376 180 407 305 353 315 289 152 354 493 293 140 182 118 213 495 126 499 49 138 253 301 
345 286 305 195 443 66 485 373 287 437 57 365 138 480 398 178 339 95 79 54 112 109 259 264 316 289 415 403 187 326 318 118 59 273 60 44 2 37 240 217 136 367 141 130 34 108 330 37 419 496 377 153 266 68 197 489 408 214 112 166 131 374 63 114 428 405 107 98 373 470 260 220 481 37 164 22 144 271 358 229 142 245 104 37 131 152 85 344 256 389 423 233 277 323 24 216 370 453 323 119 
127 304 114 102 15 25 166 382 175 39 274 34 430 31 423 283 476 179 204 254 477 232 221 36 447 195 53 254 315 291 88 156 264 465 222 26 472 352 190 37 299 122 294 67 485 339 431 187 300 144 148 355 462 258 418 334 359 0 122 200 270 318 18 324 248 324 392 297 402 299 249 108 45 254 414 425 355 55 497 104 495 63 401 118 379 315 161 376 425 157 358 203 20 338 464 221 436 237 16 359 
397 280 91 7 208 114 89 271 130 133 490 147 381 364 301 192 13 83 68 433 483 337 475 283 464 219 284 471 343 240 141 294 359 473 4 401 208 97 56 482 412 319 253 219 207 459 338 132 386 74 293 338 339 162 71 331 474 393 336 491 486 353 169 365 6 492 208 446 161 281 11 305 417 499 361 481 452 476 54 367 372 400 193 375 152 431 63 219 38 393 181 185 236 44 350 202 98 215 462 164 
344 225 162 129 135 120 161 116 453 223 447 0 155 274 128 191 83 196 59 389 189 349 151 284 197 265 93 78 205 117 495 488 497 473 445 18 104 461 238 101 8 28 298 276 194 434 193 386 451 225 250 222 234 458 349 240 133 149 122 208 177 274 271 221 250 213 307 371 207 172 376 167 116 96 42 42 493 25 258 353 468 466 413 477 61 16 45 299 469 310 316 413 477 362 26 381 469 189 390 337 
69 196 167 71 162 185 5 395 404 488 157 44 78 83 249 84 103 152 81 495 92 45 141 188 310 353 464 12 141 253 184 363 429 77 403 93 268 432 325 463 56 361 195 362 386 456 272 347 103 324 466 120 50 171 483 170 459 87 292 219 218 45 266 378 303 191 379 304 409 226 299 121 120 250 484 308 155 449 422 479 117 326 284 491 88 146 279 134 288 468 188 362 81 386 367 377 251 14 361 265 
329 437 75 314 384 393 300 369 114 339 189 368 246 317 282 215 341 416 121 497 169 0 98 288 1 42 305 69 414 86 151 327 361 351 189 465 341 292 226 290 149 152 252 237 133 484 18 121 177 175 220 119 323 19 439 441 251 34 50 301 207 83 253 135 336 234 260 67 134 118 48 143 78 134 106 255 234 153 210 133 125 265 410 463 245 461 398 451 189 63 427 294 395 174 445 88 478 72 30 56 
147 70 320 219 413 207 100 497 86 479 155 394 104 45 337 134 244 58 133 308 445 275 344 176 248 465 238 343 475 64 161 7 112 182 335 102 56 245 274 412 232 414 349 341 266 287 342 179 438 179 34 456 271 72 365 214 120 93 343 116 408 322 98 136 38 353 85 402 377 138 215 355 332 46 24 201 423 246 81 19 493 486 34 400 381 32 406 121 175 27 281 378 284 246 477 336 476 315 101 16 
439 460 401 323 18 259 416 423 48 164 98 481 385 13 229 167 153 221 270 212 351 101 272 90 344 148 249 371 95 132 153 103 431 462 426 220 75 305 264 51 77 192 288 266 132 354 291 311 122 382 346 444 402 217 40 307 451 56 256 144 34 432 243 304 272 415 7 89 490 0 277 80 372 234 205 250 336 439 56 101 289 243 410 448 428 106 44 74 433 446 224 4 49 443 380 362 274 5 212 383 
136 492 167 334 423 375 447 216 140 295 167 175 81 480 90 265 267 99 250 422 278 314 466 134 172 494 4 3 214 131 265 461 427 297 382 126 217 181 39 52 197 281 470 121 354 253 402 39 109 362 124 444 403 32 414 395 16 243 398 443 259 213 206 288 21 227 141 60 402 437 124 92 42 91 311 355 356 402 481 125 417 390 67 23 419 260 387 323 200 415 244 496 41 47 230 39 458 195 98 31 
19 107 164 37 219 284 42 243 68 251 49 448 4 11 55 301 99 303 291 325 460 335 28 423 352 181 118 495 285 479 211 388 339 140 41 2 317 180 253 252 361 340 212 411 189 421 227 403 409 251 452 217 41 425 439 318 413 147 74 344 362 389 409 343 26 430 225 237 270 271 267 64 304 121 199 255 104 344 33 19 15 74 15 188 498 407 205 261 139 390 82 181 397 367 320 326 441 359 302 170 
25 345 143 191 160 66 89 395 229 140 119 361 473 258 244 102 199 403 486 392 374 104 318 242 71 423 380 64 139 253 480 334 371 254 446 367 353 96 120 156 53 1 406 164 265 241 291 463 93 299 213 70 123 166 41 137 178 396 224 267 300 122 357 437 378 218 476 113 467 309 110 233 375 147 246 421 109 405 428 413 135 114 324 483 317 437 400 183 329 225 261 476 105 492 112 94 157 290 305 248 
51 290 232 499 76 471 67 416 345 120 10 43 93 431 489 40 353 223 395 307 369 416 367 218 357 305 312 61 168 352 436 73 312 340 314 198 42 391 496 188 275 165 318 7 352 436 117 245 285 50 378 338 32 72 154 46 324 252 378 200 148 121 415 455 422 205 268 249 279 428 131 69 97 340 180 173 267 376 351 53 331 156 89 483 57 165 238 71 203 437 118 349 376 414 252 12 410 119 162 177 
299 203 106 380 238 393 348 50 42 367 73 213 170 231 387 156 229 427 7 358 81 448 191 184 212 341 232 388 71 225 379 217 424 130 258 269 19 484 425 18 425 321 201 32 143 178 254 109 179 494 48 334 278 125 379 58 61 420 107 484 325 419 228 210 60 31 462 371 187 293 101 364 477 286 321 307 17 116 252 272 315 66 454 112 6 452 80 462 102 426 364 28 20 312 65 403 387 484 296 347 
454 448 218 53 301 338 91 357 256 115 102 478 89 407 53 400 174 397 315 29 399 38 497 199 469 466 206 185 395 207 338 148 192 257 473 152 82 190 103 295 485 226 376 438 302 417 177 393 349 412 188 67 489 466 232 6 143 120 247 352 390 247 406 215 166 280 182 174 10 116 223 489 23 449 497 265 493 25 430 312 331 129 495 487 487 53 70 444 175 34 439 375 487 448 86 48 139 257 49 235 
395 225 282 330 118 0 46 254 86 25 79 132 277 433 312 414 89 439 211 302 428 148 388 63 311 58 434 402 499 145 361 394 285 226 383 3 410 275 188 31 246 314 201 426 342 350 406 39 267 364 359 160 390 82 352 167 369 85 244 57 99 382 260 316 342 389 99 447 40 423 205 204 216 85 340 181 307 198 94 35 306 436 221 85 13 477 176 348 409 441 43 86 182 90 76 340 472 88 238 127 
271 38 1 218 284 397 276 18 414 435 384 410 301 291 10 169 410 151 55 101 491 66 398 317 224 371 422 446 195 293 148 298 63 165 370 425 319 141 61 241 69 43 332 347 393 433 138 65 156 141 343 403 24 36 78 333 94 279 333 256 37 42 108 473 305 332 455 352 464 7 214 213 104 144 382 438 33 198 21 413 451 432 474 333 423 491 355 279 87 80 199 64 376 202 439 419 80 16 251 400 
175 86 493 358 313 152 401 149 253 22 115 376 460 490 273 112 417 135 468 287 463 260 26 38 363 8 430 233 132 371 375 144 489 265 424 321 154 122 271 117 57 406 76 179 42 233 184 368 312 41 199 48 107 250 175 23 195 262 335 463 134 343 99 497 449 266 236 270 474 361 330 356 370 180 295 34 449 23 3 136 195 343 294 10 134 198 394 199 147 327 218 252 453 18 10 118 447 408 160 433 
354 127 3 286 319 45 169 176 130 478 414 93 227 314 470 146 320 468 283 225 39 435 77 465 117 202 354 468 151 343 470 292 33 123 297 235 380 266 98 133 496 124 416 322 118 219 483 184 369 371 62 365 235 418 178 257 119 450 457 219 42 287 368 90 179 37 146 438 110 169 450 458 315 475 202 316 119 261 289 143 414 206 70 25 448 404 27 77 342 498 304 414 179 92 99 357 156 5 64 235 
72 488 365 459 88 26 12 402 294 135 348 336 14 214 268 282 397 354 362 361 98 30 463 238 131 406 339 417 221 111 188 143 142 446 450 467 242 417 10 389 19 211 391 294 426 356 468 359 115 362 427 336 432 481 122 318 313 478 304 84 93 192 42 354 45 438 50 107 365 344 444 457 483 116 351 378 65 272 370 346 213 89 436 486 242 469 125 387 417 118 446 459 421 262 234 163 12 390 49 258 
241 111 181 389 382 114 432 204 43 354 294 47 311 491 371 124 431 325 363 316 215 275 452 405 243 286 260 275 87 93 263 325 315 78 211 414 26 300 306 143 364 443 411 67 145 161 454 14 20 98 153 190 488 426 247 71 333 213 235 69 126 403 280 272 494 249 140 167 237 68 149 91 33 93 247 258 460 253 139 247 267 50 431 161 131 413 27 136 123 205 360 30 298 44 423 14 79 112 465 157 
182 213 140 273 177 41 480 75 79 25 351 404 283 394 449 324 316 414 420 30 203 375 27 353 82 304 22 63 332 372 497 31 38 291 196 97 352 276 375 347 102 63 53 356 180 58 383 183 492 435 362 245 131 52 140 304 235 35 139 152 412 179 206 346 59 495 202 66 79 465 84 113 210 21 179 0 231 419 224 116 222 86 488 494 355 11 331 356 323 226 75 73 436 402 410 101 83 79 311 173 
37 259 110 250 393 150 395 488 135 371 121 404 310 38 440 49 17 243 243 359 229 159 366 373 418 394 318 365 418 400 150 202 334 28 78 77 422 302 106 263 484 187 74 474 408 295 92 437 459 494 481 69 410 219 319 125 369 185 490 418 291 414 114 192 6 51 1 287 374 392 488 25 103 392 435 423 481 497 93 247 181 383 197 381 336 122 443 425 121 25 338 143 134 106 66 475 286 128 241 212 
411 438 185 268 243 493 480 226 0 43 58 54 377 86 199 332 54 417 19 160 311 376 162 369 227 362 375 140 66 470 14 127 468 55 345 273 48 409 32 493 18 7 73 191 405 155 415 133 156 18 61 438 393 420 381 27 163 368 145 67 164 311 426 181 62 155 351 279 359 314 73 280 166 452 260 317 316 430 88 137 315 139 89 196 326 284 268 226 77 138 484 123 134 26 431 125 484 250 92 115 
211 59 433 481 352 347 212 313 323 395 156 300 210 91 325 394 223 80 483 213 417 58 467 5 115 12 375 460 338 489 156 104 300 248 65 197 28 490 257 387 332 286 369 57 137 17 27 479 130 100 270 145 407 75 176 128 248 307 452 217 40 10 439 356 19 129 41 371 495 478 227 198 181 287 100 413 400 163 425 192 250 388 261 318 352 469 193 469 99 240 479 177 87 126 37 471 418 238 320 152 
292 275 458 3 402 298 341 83 116 104 481 28 20 400 207 167 368 387 339 260 362 51 123 223 214 445 281 379 248 23 180 31 76 410 253 45 150 400 239 388 213 480 200 44 231 76 482 269 113 7 170 256 461 196 478 112 41 140 9 493 182 148 319 438 277 277 153 93 81 459 28 323 161 299 249 51 175 72 308 143 293 372 245 5 246 116 414 312 161 285 327 488 326 261 254 213 141 106 470 438 
243 452 22 257 282 133 106 118 268 260 298 414 191 394 94 45 463 161 228 394 49 486 44 93 443 190 157 265 224 151 484 397 345 412 462 233 135 154 213 105 159 460 147 381 100 281 247 469 88 205 336 339 421 213 203 67 261 247 51 18 356 74 247 78 326 13 440 436 129 330 483 395 387 209 209 485 194 73 241 364 219 298 6 266 342 468 158 152 401 193 82 427 183 97 10 76 18 185 167 190 
446 301 368 129 420 489 418 37 355 179 116 139 422 210 357 472 419 422 423 152 214 2 12 429 196 278 299 279 450 267 173 226 120 199 288 238 191 269 99 26 115 301 112 161 457 156 167 124 36 43 55 128 408 368 458 99 164 4 140 369 308 386 176 417 459 293 398 179 291 466 196 348 477 244 472 120 438 336 26 299 426 94 78 164 460 197 156 350 362 495 494 11 479 316 481 274 46 413 360 163 
204 442 5 270 329 449 214 196 19 129 451 481 95 245 20 367 201 79 497 73 450 339 397 168 272 44 12 486 81 28 68 427 415 315 442 237 31 114 88 398 439 437 42 25 366 191 145 370 427 84 423 497 365 420 48 90 197 78 45 380 272 367 387 35 299 112 42 64 328 309 47 186 403 303 250 196 368 32 488 328 363 2 64 294 49 222 188 17 153 302 475 157 408 292 489 234 392 113 462 476 
203 432 82 79 78 255 185 433 47 128 18 422 160 68 101 239 333 329 62 214 237 388 356 193 51 1 477 101 463 9 478 336 220 253 387 122 488 305 305 49 354 476 11 355 362 2 138 53 282 389 76 273 8 152 54 3 116 21 229 235 403 14 218 453 24 335 192 150 157 414 423 495 357 366 175 124 14 204 363 327 46 150 482 237 382 430 94 11 20 444 87 493 336 19 198 203 33 73 199 220 
2 452 239 400 133 495 258 445 50 290 84 294 352 461 466 478 275 239 83 283 33 461 400 22 10 364 285 441 214 1 342 216 366 348 37 32 337 319 475 93 69 360 496 361 436 464 446 90 264 309 19 252 198 134 20 227 406 373 469 128 340 410 293 277 289 406 24 30 438 431 48 137 396 194 380 77 115 172 116 491 316 89 16 69 372 50 35 267 163 318 124 95 37 264 498 32 472 451 493 210 
178 485 163 400 485 324 172 94 248 162 170 357 131 208 312 447 222 433 268 131 82 188 443 155 168 19 367 436 346 217 88 297 383 471 48 195 483 194 124 43 7 376 236 121 70 312 225 85 460 303 49 295 157 185 41 455 214 71 318 433 431 426 73 387 421 475 365 161 2 1 180 392 377 56 484 238 420 195 231 13 342 316 404 258 314 230 120 284 125 308 233 493 16 12 368 483 434 419 45 195 
47 387 63 286 385 77 317 457 129 435 392 208 205 157 170 45 173 424 498 373 8 22 37 142 280 397 477 498 452 54 291 448 317 177 190 9 371 74 374 50 110 490 423 249 428 376 382 203 12 349 384 95 204 302 85 396 331 144 23 216 206 232 8 365 172 448 293 217 220 125 32 312 166 335 391 392 204 358 82 305 309 307 70 426 139 66 43 64 438 337 19 96 313 100 336 146 437 490 260 276 
126 29 439 28 101 394 449 303 267 88 44 214 432 312 4 17 280 371 237 441 100 239 293 470 164 212 187 282 95 9 63 161 332 258 443 41 39 39 405 247 167 112 281 283 479 294 450 465 407 302 340 385 209 332 365 383 463 379 477 22 290 228 293 482 155 312 163 220 409 357 418 207 228 43 345 424 444 467 363 433 345 41 152 273 85 347 303 179 422 49 53 173 131 14 200 259 193 95 189 421 
458 154 38 265 388 398 184 36 247 425 480 30 229 410 49 475 13 160 98 181 138 234 72 264 153 25 346 190 353 3 111 327 435 450 163 145 329 488 358 311 38 315 229 271 239 220 375 455 400 131 291 318 214 315 390 383 284 60 452 108 124 372 294 110 479 479 278 16 79 420 54 3 327 161 354 45 404 222 209 93 387 373 382 425 299 466 367 373 184 171 90 187 268 31 301 199 194 390 291 150 
440 476 37 45 353 239 487 380 491 430 100 400 273 408 151 15 120 196 367 370 138 90 183 347 363 442 202 350 76 119 426 494 298 463 40 240 249 273 147 247 384 455 404 340 286 245 34 472 449 149 489 267 393 69 313 76 29 170 67 270 318 246 99 369 80 21 492 338 378 471 172 455 475 277 409 170 314 72 354 51 370 266 302 248 394 236 374 305 464 308 438 32 307 104 237 38 259 158 404 419 
228 221 52 291 469 440 175 170 478 98 253 220 280 85 414 484 476 239 419 338 414 350 357 392 91 203 229 370 386 446 179 320 251 395 132 112 149 88 497 411 21 173 25 53 350 212 365 208 171 406 120 156 435 90 141 164 147 309 279 141 289 289 28 401 60 46 143 449 344 393 140 222 151 171 87 259 64 385 3 175 439 86 232 111 89 382 305 227 146 364 479 34 108 227 400 9 462 244 171 279 
157 199 408 454 237 142 170 497 255 106 108 362 437 1 401 194 326 488 139 175 420 262 41 141 64 60 479 321 193 206 382 145 40 378 305 216 342 88 468 293 493 46 499 109 212 129 157 110 66 195 129 397 230 378 260 427 152 456 149 268 150 401 137 304 489 170 107 443 458 492 183 315 433 137 465 439 8 428 349 130 111 159 304 36 67 71 322 264 412 452 101 271 192 475 344 384 277 112 289 24 
238 53 444 372 72 446 30 204 302 40 481 471 239 331 160 65 279 115 65 199 233 378 497 77 71 98 335 152 255 374 137 175 28 421 267 215 152 107 222 246 157 319 408 488 109 69 197 407 179 265 378 117 46 168 463 191 236 312 490 53 87 426 133 367 375 191 484 470 492 83 72 230 369 71 376 178 158 220 382 83 274 261 72 382 291 316 132 105 330 451 112 402 214 102 230 328 212 443 83 362 
225 206 314 47 431 119 479 445 329 72 225 64 232 487 45 193 257 456 176 370 157 26 358 424 387 268 420 348 441 205 135 369 294 105 486 107 458 162 398 100 182 405 164 151 381 115 311 158 43 14 430 294 182 229 4 18 206 458 162 468 353 489 101 267 151 274 61 150 66 154 5 60 321 172 412 132 14 497 275 62 25 252 272 247 367 272 446 421 280 238 190 223 473 487 329 44 364 6 283 369 
495 298 220 220 127 83 185 86 350 165 425 61 392 297 312 314 35 47 164 81 260 3 166 239 447 108 215 291 278 229 364 284 414 174 119 45 59 219 434 118 1 404 405 218 143 340 131 414 467 394 293 49 146 17 295 96 389 242 115 44 280 168 55 402 222 150 361 174 121 29 81 355 80 212 211 238 90 139 117 413 109 137 323 54 482 108 285 435 339 462 165 444 338 413 41 291 444 238 31 156 
362 219 84 182 286 2 422 0 322 353 321 275 100 48 360 463 89 204 275 188 496 325 192 75 197 353 46 241 67 238 261 179 177 170 68 274 320 207 43 489 273 170 69 185 277 115 133 17 98 65 447 6 24 333 73 124 180 477 262 133 7 327 375 338 470 23 1 332 308 169 162 132 390 110 187 155 134 42 489 167 490 15 483 102 479 476 108 456 387 408 385 306 72 467 477 369 226 53 246 44 
4 218 219 230 194 61 240 148 61 250 362 202 252 478 0 211 113 152 181 74 267 29 78 422 303 35 94 417 472 367 477 193 392 164 78 491 291 244 28 492 214 337 106 85 452 246 190 94 107 283 63 391 43 362 47 365 131 124 143 498 280 371 332 15 114 465 150 262 256 441 87 433 335 156 394 421 434 407 141 266 337 468 111 190 483 490 426 116 184 40 88 303 303 372 188 307 244 364 272 32 
85 305 225 345 170 472 54 222 123 382 248 268 337 254 106 164 436 329 392 339 19 345 317 397 236 170 425 121 49 249 96 464 211 285 217 288 87 299 498 139 486 225 412 432 73 175 374 449 24 162 357 293 387 473 70 288 319 5 159 33 190 27 198 363 217 195 308 151 184 371 26 233 71 253 466 345 436 210 167 16 222 339 432 495 164 150 438 87 104 377 9 177 326 288 238 404 195 185 50 77 
455 99 289 203 435 187 12 387 283 91 323 281 275 271 39 448 227 279 135 82 224 154 65 180 205 67 228 440 282 465 427 468 87 111 96 390 481 310 426 196 93 426 332 498 477 239 28 485 343 479 27 434 318 36 417 420 343 384 67 231 193 349 195 49 429 18 71 309 121 469 18 429 346 111 236 396 431 353 24 157 208 52 31 211 107 55 430 337 113 207 44 408 456 247 345 2 292 114 226 349 
152 382 402 41 110 454 497 46 89 290 387 345 214 317 255 156 121 75 400 397 118 489 263 243 376 137 106 335 148 174 193 306 73 328 127 238 490 284 200 458 376 94 248 149 146 274 122 118 438 292 162 49 355 128 252 454 68 94 210 43 398 190 223 115 268 186 13 252 409 71 12 248 99 142 173 496 287 103 178 389 446 39 22 76 282 205 354 90 460 26 125 183 100 334 190 388 129 402 384 340 
328 40 491 209 75 336 264 267 46 236 121 364 308 138 54 207 21 53 71 186 60 173 287 299 317 30 316 343 129 287 32 318 293 364 43 273 430 21 94 437 258 322 468 115 36 355 35 273 352 450 485 340 385 107 439 226 194 115 446 405 283 217 252 185 86 161 465 279 374 266 239 471 223 455 391 355 418 444 13 320 53 126 337 96 262 232 491 56 113 175 43 73 188 400 78 74 415 37 137 476 
123 310 11 356 133 412 145 472 286 67 272 456 494 59 183 371 100 88 389 443 381 247 461 53 179 413 44 68 146 310 363 447 7 188 225 105 145 489 412 421 89 447 331 278 43 375 270 257 118 475 318 24 234 84 134 425 476 126 423 276 77 482 262 257 100 270 167 253 74 127 150 175 15 371 215 442 458 484 128 485 44 329 197 466 69 116 387 178 39 12 454 133 467 35 76 73 321 291 159 130 
432 52 280 237 62 497 184 91 197 176 207 428 186 419 184 490 245 29 164 208 177 375 419 28 237 171 199 472 135 51 458 317 124 138 38 92 80 44 466 430 375 26 312 365 433 75 437 311 14 453 493 246 241 156 296 177 198 269 344 170 49 413 92 156 285 7 11 95 424 100 329 418 73 290 367 449 448 463 354 431 325 470 58 273 359 285 338 51 394 193 147 58 151 111 324 47 175 465 445 475 
31 281 9 272 30 172 148 7 439 381 65 342 321 142 162 336 276 100 265 147 30 23 291 133 305 208 192 145 55 31 434 172 380 107 209 499 414 360 86 276 195 159 474 365 306 215 426 428 207 267 69 484 4 287 154 334 456 101 430 131 272 245 195 461 263 126 406 132 54 222 431 364 279 491 419 308 12 416 394 412 252 252 441 339 111 497 426 206 55 284 279 441 210 254 296 27 248 254 80 495 
8 378 85 286 371 407 310 2 100 189 194 61 20 422 347 279 104 77 420 236 171 282 483 70 73 264 193 497 288 239 411 131 230 128 305 466 124 266 457 72 194 158 342 55 430 404 485 397 401 203 336 17 415 291 253 2 102 122 194 104 270 162 118 145 100 256 466 201 72 492 10 397 308 199 205 445 214 196 60 308 113 268 494 84 139 36 343 282 356 428 494 487 2 201 123 432 425 227 298 463 
226 144 18 150 388 368 5 459 416 161 244 385 280 74 65 79 79 71 203 442 432 231 374 195 33 334 348 377 245 487 183 364 475 80 336 259 341 169 384 235 357 191 213 60 103 214 74 83 248 89 22 305 281 257 2 148 454 403 258 387 188 433 323 154 453 255 290 175 199 394 303 242 204 314 146 484 209 157 201 286 433 311 28 220 319 23 166 209 473 354 213 163 383 446 72 496 407 189 206 374 
263 444 341 435 402 354 192 138 458 157 210 52 38 92 381 290 390 421 6 114 39 425 149 429 385 352 138 188 326 39 381 357 152 237 200 100 438 235 271 221 335 116 253 384 207 83 280 412 231 364 317 240 447 226 469 432 374 429 351 206 312 255 383 416 23 410 234 201 112 250 3 262 19 185 334 427 165 38 395 6 309 174 212 371 269 428 314 408 31 168 158 132 480 122 480 366 118 48 384 111 
72 217 48 276 118 231 76 1 216 308 396 15 252 196 191 198 158 302 293 423 158 45 126 219 19 292 247 244 415 413 442 74 207 361 33 72 169 304 260 29 206 77 192 372 349 187 374 286 309 454 51 26 294 215 176 134 167 214 194 414 86 23 88 241 252 167 56 446 171 435 214 147 493 325 426 336 351 386 1 375 194 319 207 296 328 320 116 142 471 470 331 263 425 108 122 173 219 253 19 21 
248 372 422 328 280 167 248 423 170 480 431 344 401 433 380 99 154 447 338 226 23 174 211 399 426 82 195 69 201 305 491 410 488 275 488 452 84 54 308 139 379 375 378 213 27 164 389 291 323 132 121 200 496 304 50 27 312 72 116 38 101 373 348 248 140 324 135 110 464 227 192 46 280 190 440 179 247 176 363 325 48 163 402 324 69 442 103 71 164 190 241 327 63 75 397 196 415 147 172 195 
24 67 326 232 304 261 302 274 246 37 130 337 236 240 166 231 270 231 132 246 293 228 118 325 384 321 24 205 418 320 331 78 412 250 267 42 108 104 36 9 323 112 254 22 455 84 50 461 171 146 363 293 171 230 111 328 331 197 7 484 447 367 392 236 125 320 414 344 478 255 101 233 54 95 71 404 237 289 49 461 389 33 261 475 198 152 203 39 252 314 167 264 1 297 59 53 166 118 333 297 
429 394 43 202 59 15 384 193 43 8 42 320 352 263 62 81 435 434 304 34 344 116 96 70 465 332 387 320 119 118 126 317 370 185 292 114 39 37 2 155 456 37 492 265 298 344 202 155 173 0 100 335 41 415 317 182 425 377 286 237 381 326 366 346 403 44 365 276 469 83 469 350 60 425 288 433 245 116 388 32 97 186 204 295 362 319 128 135 160 89 282 378 123 380 129 113 63 299 202 398 
405 483 333 363 64 130 366 100 56 215 333 72 318 80 347 485 400 72 327 26 378 302 292 452 97 254 495 109 75 494 58 333 216 359 378 497 407 366 318 449 103 181 450 160 144 219 347 75 261 214 183 206 180 70 315 118 100 214 243 112 293 158 79 108 9 437 123 153 153 60 356 72 107 314 188 204 311 353 406 145 396 385 200 52 397 160 9 133 7 398 194 122 68 265 295 356 44 272 326 183 
99 51 275 434 63 319 202 99 216 183 117 184 265 58 422 231 253 287 112 436 434 41 137 236 144 241 287 420 53 20 13 34 164 469 297 407 48 426 147 338 450 358 120 320 445 303 92 132 168 421 21 101 114 407 362 270 462 492 95 481 385 133 181 375 268 317 224 270 144 236 450 97 301 44 247 88 19 257 191 471 491 209 448 112 321 164 361 331 353 376 306 394 127 430 293 165 455 119 445 444 
53 182 8 146 450 287 414 433 383 157 471 487 229 479 493 58 110 276 204 88 113 463 398 424 252 333 123 157 198 79 271 24 215 294 453 16 40 418 424 402 14 69 420 141 123 79 412 239 110 39 353 160 235 275 465 475 203 325 141 323 200 153 100 443 184 402 153 221 107 449 398 220 127 395 262 452 268 269 8 326 267 117 82 228 101 83 492 322 40 455 56 194 290 441 214 77 294 200 248 106 
419 71 112 286 90 402 189 1 260 329 242 364 68 470 397 263 26 303 279 186 99 405 312 362 491 63 18 209 421 218 345 2 369 498 230 373 244 117 432 51 319 183 463 73 277 194 274 226 51 103 50 426 29 156 161 104 291 87 232 496 251 315 57 498 80 121 232 125 8 10 424 231 130 7 100 347 7 181 195 137 78 135 345 239 21 56 251 60 302 261 0 1 54 451 0 277 301 280 253 129 
