388 112 147 420 455 74 256 55 361 263 128 101 410 69 29 188 15 386 232 68 307 112 28 384 202 28 216 221 86 108 467 206 219 494 274 81 135 246 482 365 174 256 387 17 58 329 292 371 478 300 156 176 480 298 236 212 337 198 417 249 236 451 433 193 197 414 37 51 67 232 206 309 271 296 413 16 108 305 167 243 304 343 492 167 168 370 402 158 51 391 206 33 411 90 179 460 45 35 138 155 
166 405 92 284 497 275 185 350 191 113 193 304 184 327 158 374 216 345 366 288 78 299 393 488 163 169 72 60 227 121 243 277 44 191 460 254 239 418 153 296 475 353 104 194 123 165 340 427 3 221 391 303 229 177 99 19 169 476 369 221 20 0 60 20 473 395 249 430 466 83 303 386 484 305 142 228 435 135 232 478 461 411 95 318 361 419 375 54 104 283 411 310 279 332 267 316 422 342 485 324 
420 159 324 479 439 233 244 326 482 46 260 203 326 348 176 119 373 212 83 276 269 78 423 336 136 377 43 86 286 266 78 429 427 403 176 120 255 350 466 317 204 343 321 33 423 142 491 330 477 112 281 465 159 333 256 446 35 495 267 274 389 389 329 341 355 134 55 216 8 350 179 473 47 265 82 424 39 355 16 252 465 240 266 86 198 433 377 233 233 342 360 383 484 413 85 63 382 271 392 396 
239 110 413 401 77 187 181 393 158 297 310 129 406 46 374 431 238 12 337 393 29 442 210 406 482 456 156 240 466 336 89 312 111 223 46 386 329 15 24 176 156 194 55 272 411 83 105 279 60 387 345 29 303 151 208 359 27 385 396 192 410 412 84 407 289 263 79 119 492 20 488 336 142 253 353 205 441 3 34 239 407 127 193 153 480 390 252 317 388 15 50 342 27 415 286 149 291 24 132 433 
493 74 453 158 80 398 357 326 230 487 439 407 147 211 97 151 259 445 436 308 295 112 250 326 244 361 71 264 103 440 445 299 72 345 35 253 432 268 375 168 292 117 62 365 113 370 53 116 421 402 129 457 143 155 444 349 229 97 122 265 172 5 377 98 50 137 85 454 56 453 299 446 23 275 188 296 296 250 16 483 56 479 203 144 17 376 4 95 230 74 289 427 303 86 374 118 21 282 461 152 
3 488 444 242 289 207 337 98 152 282 491 89 34 462 498 236 167 151 385 83 76 33 226 311 299 71 70 18 396 248 21 496 254 161 176 48 76 191 228 232 29 273 370 185 70 429 90 394 304 340 433 278 370 355 290 240 88 295 114 135 160 299 326 426 447 173 281 265 376 405 123 377 240 285 433 193 389 366 94 337 265 55 74 479 29 216 341 324 331 276 113 176 311 67 476 137 153 242 132 433 
259 327 248 310 488 129 312 373 294 284 59 274 384 321 392 467 11 160 242 431 79 281 493 258 460 17 38 350 437 465 221 231 111 264 336 26 174 225 490 198 401 331 305 169 123 376 325 126 91 28 327 455 312 490 64 172 459 175 318 76 189 494 427 248 91 392 87 46 393 317 340 244 371 218 388 45 138 213 392 211 118 294 198 77 474 371 260 315 9 170 122 316 64 126 483 479 440 183 473 217 
401 26 87 262 139 223 136 182 12 469 36 190 454 231 428 239 134 269 363 259 85 231 495 129 342 139 10 61 441 245 201 72 382 222 340 145 257 221 308 386 25 66 54 369 38 212 325 173 359 46 277 215 11 380 485 64 36 31 174 2 458 214 216 7 217 226 298 424 285 457 205 482 385 306 58 261 122 440 237 331 341 479 28 303 120 279 375 497 281 476 372 485 95 94 431 369 213 74 80 272 
96 201 363 93 192 43 352 221 270 450 211 28 237 132 258 284 323 115 187 23 177 440 11 370 341 489 296 103 338 251 353 305 373 130 286 324 11 11 55 275 55 148 33 264 94 178 233 58 76 247 443 30 253 493 425 354 423 68 463 336 257 491 442 474 113 180 250 346 334 193 445 359 165 233 489 136 424 343 67 433 148 261 136 164 196 229 296 77 149 61 126 293 61 444 291 443 354 191 499 313 
79 288 112 50 26 273 140 192 400 269 265 123 349 180 30 394 158 223 197 318 176 105 407 185 270 240 196 214 450 300 280 173 96 178 305 331 184 364 245 75 157 43 182 219 306 56 357 415 183 195 284 230 131 97 471 285 333 461 73 228 29 473 346 167 392 494 123 292 190 274 70 150 455 236 64 251 220 273 352 209 12 385 101 409 490 67 218 85 125 170 225 304 333 316 417 23 440 48 56 230 
177 31 381 72 19 406 237 87 37 351 257 16 312 445 311 54 42 113 248 136 450 378 41 431 80 459 485 260 371 368 175 319 88 299 184 22 0 288 150 41 84 70 278 137 216 47 431 41 386 429 201 247 77 47 65 476 138 136 473 423 245 466 207 103 411 306 485 471 246 66 175 330 430 114 128 128 211 7 330 387 130 277 452 17 129 120 389 209 77 446 383 311 50 266 197 70 410 112 224 380 
230 407 464 12 221 231 23 300 17 161 298 248 499 284 346 71 230 489 65 310 87 285 377 285 471 213 113 311 198 377 187 233 154 197 128 355 419 2 146 489 282 257 443 455 456 374 499 20 164 494 192 332 167 148 428 461 119 429 6 362 162 326 53 73 153 267 293 267 28 337 187 361 83 296 263 213 313 338 227 37 376 459 259 271 94 401 208 442 267 219 50 364 38 49 77 469 248 166 309 259 
94 482 68 261 387 456 104 133 195 302 154 317 5 424 143 458 187 167 392 160 113 176 267 401 35 204 412 440 197 156 309 287 15 279 486 404 162 403 471 468 0 221 68 45 352 109 301 170 114 242 162 37 91 34 106 160 12 277 54 371 111 182 349 448 195 406 337 220 233 247 184 109 443 383 296 197 447 487 316 90 319 182 164 282 221 283 63 238 69 358 163 97 370 440 300 210 116 369 288 397 
155 318 451 161 45 141 403 308 449 440 423 7 23 215 51 366 57 321 58 174 119 365 438 283 211 75 460 216 40 10 477 220 376 390 100 28 376 481 457 135 207 105 173 385 329 62 211 47 245 70 326 345 421 320 48 348 101 177 439 19 75 36 310 425 309 225 346 93 83 188 494 493 3 299 275 327 82 77 304 109 160 360 261 302 207 270 166 201 132 56 6 274 103 182 396 39 293 262 491 345 
322 146 53 187 80 88 289 113 204 217 189 325 71 277 105 274 362 435 430 78 397 2 13 314 322 322 383 151 60 192 453 179 366 340 412 312 38 454 395 129 397 235 268 294 245 84 223 325 8 63 20 202 111 489 468 378 471 391 387 336 39 389 41 400 494 48 81 257 246 360 357 432 209 249 371 106 38 261 99 462 352 234 50 90 454 203 462 115 103 425 260 195 120 440 182 451 298 188 345 166 
194 253 130 225 462 445 103 138 307 272 68 333 371 396 170 13 499 318 209 9 81 256 89 120 90 149 122 185 451 470 188 438 305 495 219 113 294 373 339 492 298 261 356 496 395 329 269 268 281 185 307 255 81 120 3 490 426 268 27 326 132 208 133 33 192 197 16 79 385 383 157 132 226 88 269 377 27 377 204 211 496 372 209 190 287 14 330 13 38 301 418 41 137 313 406 169 401 419 301 277 
261 154 135 474 424 365 308 312 415 484 332 417 269 199 486 21 268 336 134 118 225 397 167 103 3 260 1 315 171 169 438 271 192 269 359 492 194 348 485 314 56 426 20 22 454 398 64 365 63 283 482 293 287 222 34 191 381 359 383 238 135 439 178 498 25 74 147 153 299 314 272 498 221 312 98 419 498 417 21 245 328 151 216 281 417 125 131 161 431 53 20 224 388 169 162 34 457 280 287 479 
127 449 188 389 227 348 172 24 342 456 23 326 496 33 374 351 466 438 189 11 125 46 115 353 418 247 79 130 423 199 341 251 495 194 178 455 200 76 312 312 324 127 352 412 42 191 233 294 19 442 61 339 16 178 146 426 213 45 306 411 207 439 103 40 218 438 270 267 350 366 95 480 11 26 180 250 22 151 109 195 14 95 487 189 431 121 287 303 350 383 310 444 369 476 375 406 200 15 344 306 
429 424 332 15 327 465 265 424 37 304 286 126 161 379 255 14 47 111 219 135 136 66 174 170 50 118 423 203 78 247 204 191 195 284 341 430 429 437 17 463 498 105 283 218 255 185 113 370 279 252 394 63 75 308 333 133 165 237 252 73 183 133 202 451 26 316 172 29 132 452 434 499 361 380 357 360 361 388 356 488 391 213 196 250 64 78 112 88 479 342 137 416 471 388 381 289 73 23 346 139 
180 168 398 107 395 16 268 195 398 350 169 241 459 492 85 153 194 293 455 431 262 467 92 121 131 482 66 246 69 169 155 308 14 259 146 4 411 1 280 428 18 74 124 408 68 190 416 251 217 84 158 163 368 17 363 440 242 62 41 306 253 422 127 414 1 47 301 278 33 387 125 18 34 352 145 178 417 240 122 49 118 298 405 496 193 461 167 308 80 224 370 360 213 478 294 86 169 139 341 192 
429 58 39 182 417 120 8 342 214 404 335 39 4 465 195 477 443 133 260 221 117 48 309 405 313 401 155 483 243 286 92 382 116 34 493 427 335 66 109 137 248 280 423 272 179 132 221 99 140 203 98 201 486 294 161 380 230 355 215 283 106 262 271 161 117 131 464 54 420 94 231 439 82 62 26 92 144 222 491 226 348 134 409 289 478 242 423 330 487 300 214 190 106 482 482 481 269 497 432 83 
161 20 279 495 128 12 483 297 58 449 133 397 441 257 388 56 118 84 139 474 81 64 396 433 484 150 145 433 218 380 309 361 45 180 241 461 307 257 443 276 277 204 163 256 73 238 236 92 52 460 277 441 122 307 473 263 442 114 104 250 158 360 83 493 453 358 493 438 385 489 486 412 85 95 216 160 475 340 425 245 395 299 121 499 1 486 196 458 78 206 250 340 129 118 405 338 459 251 298 130 
409 232 196 375 159 178 245 33 460 123 91 156 452 135 342 287 451 459 251 47 220 474 168 250 410 128 236 49 301 305 238 113 232 109 161 325 174 226 395 10 347 283 446 221 157 293 2 121 450 384 360 357 319 450 490 400 397 236 236 301 411 453 315 173 256 78 472 215 163 493 123 368 36 312 401 395 405 278 11 226 321 479 216 1 291 78 40 387 226 384 69 27 147 40 82 473 460 427 191 57 
156 416 280 22 203 34 105 123 20 308 402 430 432 102 246 318 212 287 422 215 150 82 403 451 299 392 51 43 369 6 112 350 43 415 65 261 141 409 478 372 23 321 290 4 231 171 152 202 123 487 199 491 427 400 105 52 83 287 13 127 281 72 304 350 212 359 297 49 381 193 140 403 325 200 449 361 407 172 368 341 187 3 216 268 168 48 353 102 141 252 186 271 114 141 70 107 173 62 185 257 
36 206 251 499 302 44 269 285 264 224 31 412 300 412 241 237 486 29 253 398 47 458 100 32 24 97 452 227 404 326 289 129 296 441 206 201 222 171 495 467 112 475 49 347 19 4 162 463 347 447 454 224 68 99 480 273 282 157 188 270 41 397 21 86 95 112 335 341 86 380 223 43 149 209 102 173 59 217 183 417 258 6 71 192 133 314 330 63 132 403 96 393 182 277 181 420 481 377 272 238 
17 115 437 486 6 6 70 371 368 42 431 248 236 206 190 400 365 155 78 81 470 449 421 203 53 341 456 330 44 382 122 40 372 108 9 176 236 314 336 248 251 346 352 476 412 183 433 207 48 462 271 177 433 273 418 137 342 252 83 425 154 449 493 117 398 3 126 436 129 377 289 65 243 19 312 260 462 369 161 295 162 487 43 343 468 457 110 387 431 356 490 453 259 156 460 394 39 160 134 195 
24 343 17 445 76 396 496 205 338 296 166 104 348 198 412 480 103 376 452 436 98 212 421 301 117 489 373 326 399 423 227 56 102 120 416 465 338 493 475 250 305 364 316 296 477 47 19 128 142 41 442 221 314 328 276 33 498 459 278 119 279 84 221 228 93 252 82 493 386 78 443 280 206 234 411 356 278 399 88 466 470 262 310 309 248 196 270 318 17 214 32 237 174 116 286 131 268 348 346 456 
163 99 478 318 161 236 22 298 441 136 498 83 14 178 257 453 227 488 313 36 103 430 155 205 241 277 245 288 443 114 314 3 150 488 210 29 371 463 190 390 125 55 251 206 247 297 22 465 239 128 359 402 459 187 474 303 62 436 273 131 15 324 56 341 146 357 225 216 79 412 495 424 107 473 429 240 220 459 279 448 4 220 253 41 333 361 19 102 151 286 363 2 155 348 148 435 219 70 391 361 
305 105 449 447 365 80 5 461 493 300 238 226 367 85 226 288 89 392 356 163 216 125 199 378 383 160 404 272 293 440 270 313 418 204 104 335 338 126 71 284 242 92 80 453 403 25 96 280 64 356 218 105 123 275 49 382 460 294 139 365 293 457 468 334 329 396 211 185 322 233 70 301 152 171 489 266 348 257 333 133 209 393 145 305 170 3 300 39 29 120 404 17 34 99 19 92 494 273 296 385 
149 279 336 477 254 206 117 332 331 250 262 66 21 207 413 394 116 60 194 288 242 373 220 22 260 56 305 126 414 454 117 114 472 123 283 452 321 195 155 140 211 418 23 207 39 139 497 297 382 344 357 203 27 85 147 229 144 238 295 153 168 429 171 41 443 37 484 5 471 7 497 369 276 163 216 361 79 55 414 230 279 270 38 268 429 156 445 16 53 499 112 297 380 249 225 125 104 45 95 289 
406 39 269 289 439 28 489 436 341 460 417 164 351 470 69 72 268 318 378 479 15 413 234 285 486 334 481 351 233 82 428 400 66 89 140 160 343 112 377 15 498 423 456 328 71 488 437 415 406 99 213 41 23 231 255 21 467 168 445 458 461 106 378 36 5 219 210 35 60 393 37 323 69 343 23 241 301 120 484 200 289 163 223 115 460 492 392 50 114 67 58 15 153 485 462 76 289 159 386 222 
55 366 13 224 386 451 80 216 372 110 400 8 404 238 112 441 406 346 481 92 496 179 300 42 99 337 85 34 62 171 278 52 22 439 397 257 289 349 321 284 1 150 34 291 283 152 160 210 101 264 210 238 296 21 119 386 254 195 233 67 10 346 228 418 52 40 241 66 467 164 215 306 142 184 318 175 3 297 311 210 18 326 387 221 438 403 467 384 495 111 282 238 135 412 353 163 390 241 376 8 
152 427 198 129 138 300 303 163 255 166 48 414 252 132 439 181 194 6 31 395 132 49 498 288 248 357 469 496 54 366 328 275 386 200 210 394 261 107 163 161 204 313 92 158 364 230 451 432 381 75 236 340 436 458 227 292 206 341 432 309 379 455 435 2 491 178 427 265 248 159 188 254 396 432 399 497 73 116 287 397 90 452 10 394 339 232 438 271 140 284 333 89 434 228 426 430 134 85 492 161 
226 462 59 129 353 9 161 280 27 39 271 402 261 315 249 222 434 485 488 384 298 10 197 44 249 389 148 242 224 281 359 63 19 466 40 383 478 98 306 110 70 389 43 220 379 170 389 316 240 311 314 200 436 371 124 443 482 359 35 495 51 191 142 170 380 377 15 55 416 153 34 152 207 79 362 226 203 359 65 387 9 488 283 391 391 319 414 42 485 4 441 385 417 337 498 243 488 77 23 22 
426 428 280 290 405 470 109 169 73 53 419 475 386 7 305 340 42 442 103 424 304 409 307 283 166 308 318 65 451 436 154 335 276 238 181 3 24 332 52 276 141 60 325 110 174 75 450 36 45 321 463 394 381 339 425 433 489 60 0 177 74 233 186 455 279 267 413 455 389 495 43 112 104 179 432 109 373 118 404 374 441 474 305 48 388 77 243 256 86 346 138 143 320 0 216 482 362 299 120 408 
447 393 322 148 433 152 88 51 215 275 208 391 473 414 374 5 387 86 293 312 5 16 101 86 81 253 496 387 461 414 449 375 146 484 248 33 217 478 412 34 21 366 289 66 270 58 454 177 372 280 494 32 303 24 493 351 213 420 93 354 324 292 286 363 59 207 303 19 283 25 493 182 342 463 161 484 466 116 297 465 298 54 351 25 151 420 190 341 197 145 233 405 12 445 17 202 221 378 49 33 
307 226 192 180 427 318 490 369 47 438 391 61 282 483 292 307 193 286 499 217 244 324 490 233 128 253 499 444 96 100 207 412 277 379 335 432 415 167 261 120 4 363 227 180 331 397 329 497 457 337 270 162 191 265 97 445 89 160 92 470 40 427 80 131 190 117 254 401 374 426 150 277 410 438 70 331 453 71 326 391 480 120 317 153 141 260 66 247 353 175 428 380 374 322 130 39 121 368 287 307 
104 495 113 290 148 437 348 241 281 461 266 462 378 249 461 421 18 85 137 59 462 404 302 333 345 37 167 427 459 197 468 396 30 491 298 476 110 35 65 235 141 43 59 286 309 435 26 223 14 161 61 406 0 324 355 245 130 200 89 192 170 194 107 434 3 476 168 102 73 472 425 89 328 169 159 346 479 222 36 339 214 462 51 220 94 208 391 326 332 228 214 405 196 125 282 481 107 232 76 266 
51 88 99 138 255 248 411 35 403 486 54 340 361 74 100 340 183 158 486 37 483 447 178 48 361 244 237 86 319 253 262 280 375 287 69 10 304 330 278 152 410 203 113 287 431 367 389 479 486 416 452 101 275 170 7 202 263 213 294 356 42 485 50 293 450 73 13 54 14 452 382 370 138 181 249 299 293 395 421 292 100 17 104 64 365 389 111 397 48 254 204 156 376 318 384 165 498 14 348 446 
389 367 121 305 6 61 466 253 242 156 351 40 331 60 228 194 68 117 220 301 439 157 490 374 350 166 95 359 478 315 494 117 326 273 356 140 239 45 272 280 38 172 150 390 367 51 146 320 396 8 252 453 205 77 413 153 151 84 368 247 2 206 106 488 148 88 495 39 415 206 446 73 65 338 483 455 402 21 347 258 254 240 176 70 389 234 469 198 395 111 240 111 387 288 381 38 411 442 102 39 
117 449 470 312 208 70 294 183 214 102 395 383 277 132 347 8 151 448 158 468 431 273 168 101 332 262 412 272 28 185 361 48 241 8 326 4 207 232 219 197 122 26 53 328 493 291 243 494 392 371 215 448 229 41 163 81 313 122 133 218 410 344 271 149 228 185 271 342 32 136 210 262 491 357 55 480 359 239 226 468 90 487 346 378 192 67 388 252 83 466 144 159 93 198 25 67 365 146 493 381 
317 78 374 317 263 491 439 288 62 211 13 207 76 112 293 57 449 255 358 221 9 257 87 404 77 477 363 434 216 125 487 398 389 302 404 407 429 388 178 455 378 159 404 163 147 162 269 273 26 189 478 6 431 486 68 52 23 88 449 21 122 452 182 228 468 0 380 251 18 376 16 210 119 250 123 427 221 153 453 339 374 206 4 28 342 283 201 228 19 459 263 240 305 61 315 160 7 348 2 478 
376 116 164 37 418 102 478 0 489 130 335 395 373 52 312 353 473 107 332 43 383 162 208 412 196 411 52 113 81 202 54 355 158 98 376 211 442 314 128 289 223 271 297 32 100 460 129 185 100 214 314 170 25 21 6 265 372 366 66 425 231 439 475 255 332 379 102 33 448 167 158 307 240 89 69 403 326 147 73 403 115 228 466 304 352 76 495 398 387 86 68 25 423 309 327 30 375 384 31 326 
191 423 468 278 131 161 41 415 179 239 110 492 419 105 114 130 432 47 440 356 408 63 204 103 323 353 252 367 110 99 123 439 319 63 78 261 336 161 146 305 56 117 365 112 455 133 352 124 262 139 152 18 112 425 156 103 219 292 15 131 173 114 74 243 408 247 164 261 72 367 283 493 244 110 10 330 284 200 209 321 265 38 369 209 21 328 41 492 129 293 267 325 477 348 315 99 499 120 217 153 
134 350 358 494 191 225 140 354 205 258 21 478 294 77 373 125 206 28 283 299 467 239 282 94 245 52 284 463 255 40 118 222 326 317 9 45 42 257 473 266 98 91 56 410 395 341 141 405 240 382 5 40 377 268 182 490 13 80 115 242 72 317 403 159 69 6 113 477 404 112 271 87 387 352 353 154 278 396 233 293 317 76 105 486 125 159 213 472 361 79 485 136 7 473 424 29 57 288 50 75 
241 17 259 215 345 255 226 109 79 224 61 174 404 399 177 5 445 212 237 372 450 333 38 174 275 250 153 339 265 367 436 414 18 40 209 186 251 349 149 360 128 55 425 376 13 436 358 150 228 406 238 467 215 190 421 68 56 66 449 202 278 243 390 363 90 73 281 444 197 15 175 319 187 303 244 98 5 137 484 69 63 171 54 137 137 330 20 393 191 363 62 370 158 52 2 45 9 384 290 340 
88 267 288 385 175 363 291 181 247 288 431 397 197 186 407 401 311 265 221 410 446 224 286 74 116 458 130 377 255 261 334 134 139 383 243 19 209 79 458 141 419 236 275 295 74 312 375 492 73 375 381 475 288 253 342 79 105 29 335 31 201 172 467 191 110 274 34 436 332 11 257 97 50 464 95 214 334 123 152 477 339 68 128 431 338 234 69 396 387 362 485 202 218 33 62 51 306 184 387 109 
284 167 88 113 407 486 208 95 242 412 322 369 338 389 57 146 186 399 393 374 308 187 111 379 303 12 111 429 378 152 35 301 197 39 166 394 106 181 202 206 61 187 55 16 341 212 2 49 275 464 356 36 220 265 55 305 146 458 493 146 218 124 446 69 168 299 401 248 307 261 365 266 179 405 406 245 164 478 65 20 318 361 160 47 89 493 355 481 369 201 174 429 334 71 324 188 452 371 479 194 
483 270 25 91 181 236 282 452 472 460 319 266 149 470 319 478 393 329 324 234 288 486 272 415 11 333 376 263 234 359 281 125 381 84 209 486 346 69 480 246 168 296 340 20 303 119 5 310 188 67 242 345 145 346 260 148 76 314 280 154 393 351 2 72 98 179 450 11 114 241 148 107 272 192 208 269 5 388 244 359 304 365 392 190 310 455 194 311 170 18 250 476 469 348 496 208 5 95 17 17 
354 339 54 154 313 415 470 26 109 270 178 188 423 413 296 132 419 475 53 460 11 282 203 138 466 136 197 381 18 240 447 417 397 326 85 184 166 136 412 95 234 7 305 162 233 34 208 291 230 281 403 96 98 272 290 303 281 380 430 78 401 86 19 75 467 492 251 97 215 57 88 499 88 25 7 124 268 115 425 80 433 465 426 323 4 257 205 196 5 33 371 427 427 170 208 182 217 464 410 236 
193 209 291 359 112 230 289 255 74 146 407 435 411 298 427 188 315 70 70 260 390 458 352 197 447 430 261 186 30 193 311 317 339 492 12 282 441 212 6 411 310 178 422 84 477 74 330 112 462 141 318 0 421 234 253 332 357 300 431 60 378 9 54 465 9 138 321 132 335 77 136 355 109 131 437 9 138 228 179 386 189 3 313 212 437 427 145 147 134 382 438 32 269 259 126 212 299 443 180 335 
19 311 273 491 486 221 462 185 294 448 369 15 481 253 459 143 278 48 149 367 29 78 6 121 300 435 333 193 154 71 131 301 411 185 366 364 233 32 167 410 41 370 417 107 473 318 92 405 176 56 309 392 338 118 130 140 298 85 401 25 61 214 144 2 58 151 19 426 418 213 301 240 440 346 496 409 273 225 355 296 292 397 21 457 206 104 472 388 20 366 179 123 53 236 464 399 233 109 420 0 
226 278 312 489 406 176 324 114 69 336 362 473 481 462 265 10 52 395 266 190 381 220 63 384 472 262 70 244 142 443 377 123 312 272 383 26 124 413 45 17 362 342 459 283 260 359 176 372 108 291 181 198 225 4 140 76 244 282 180 80 112 485 317 398 216 411 472 213 132 251 157 91 464 35 462 164 340 144 12 235 150 120 425 247 92 326 316 70 301 121 12 439 472 283 57 142 487 404 233 202 
437 139 6 447 229 271 497 276 361 89 343 234 267 274 405 269 183 475 417 219 385 204 255 379 440 101 265 43 252 361 95 401 200 242 330 70 327 274 351 340 391 219 166 378 358 281 35 453 429 453 52 210 358 17 137 13 434 151 193 428 415 460 258 9 51 170 215 155 201 64 119 332 427 432 328 82 368 465 497 243 118 250 57 407 284 382 86 448 262 94 17 34 229 440 86 482 277 253 369 467 
376 261 366 19 392 417 263 403 52 286 176 374 3 264 280 48 377 486 265 346 463 108 496 272 453 408 482 337 94 33 122 250 454 85 124 158 138 43 325 305 210 232 496 339 31 417 261 311 95 312 379 323 469 250 11 390 427 306 355 310 378 236 420 83 281 88 197 64 214 124 187 391 222 159 45 422 310 308 355 480 474 482 333 128 176 365 62 350 36 137 349 464 238 337 333 455 317 155 392 310 
327 230 177 441 245 256 254 162 377 253 307 248 360 143 265 157 373 475 37 214 475 273 308 84 406 492 279 297 28 0 451 223 113 339 207 72 14 41 453 391 194 247 17 251 379 79 355 205 275 54 408 222 252 382 116 281 308 109 299 146 232 440 188 460 137 185 77 380 273 367 44 198 192 76 433 192 234 370 485 485 330 289 34 255 419 0 393 388 338 8 320 177 253 88 84 397 194 447 206 28 
383 455 96 463 420 131 158 487 442 196 37 304 378 83 361 65 73 495 458 28 279 493 124 11 29 191 159 433 436 484 367 393 211 51 484 321 396 360 150 194 25 105 401 459 420 94 23 115 389 67 440 386 112 316 109 140 242 60 400 296 480 142 452 455 205 41 286 433 63 123 19 470 126 173 431 269 188 353 169 437 88 480 167 134 475 481 28 195 152 341 69 167 369 16 473 369 126 104 348 482 
294 497 426 190 390 112 255 347 36 412 174 45 432 366 471 467 475 136 289 448 97 277 392 54 343 346 62 199 9 56 220 213 119 4 455 60 47 199 471 329 54 271 196 17 267 421 151 338 105 217 348 117 427 175 334 221 34 124 470 114 202 8 488 322 304 421 42 0 368 40 410 338 453 146 45 413 445 210 281 26 59 304 121 287 337 445 131 454 39 290 71 458 365 174 208 100 469 204 242 35 
437 76 175 59 178 201 387 362 433 91 435 32 224 462 303 189 300 94 218 32 345 232 87 482 239 97 442 327 232 26 464 97 383 348 107 431 331 84 40 203 439 26 390 415 148 237 15 189 99 426 73 325 173 322 363 79 303 385 216 273 71 273 237 257 145 494 246 419 446 123 140 381 287 73 194 492 308 359 229 99 330 381 370 426 133 149 362 280 154 50 64 67 230 15 474 264 475 452 439 278 
215 363 213 284 78 358 363 103 375 270 269 68 401 195 58 450 268 479 438 26 431 365 288 296 307 106 446 237 402 25 236 21 61 98 169 403 454 372 452 111 449 168 79 456 229 205 53 305 79 297 25 397 282 468 125 65 136 12 272 473 33 348 187 184 264 38 6 407 374 402 450 136 23 124 258 458 113 77 43 425 464 340 216 112 471 100 118 45 405 252 227 371 288 123 82 94 336 105 338 103 
103 338 386 128 320 265 223 482 326 80 416 263 246 254 151 335 39 297 245 158 336 257 172 276 131 149 442 299 486 477 170 440 223 435 485 252 456 97 279 274 486 315 99 34 213 173 162 335 337 232 288 352 475 141 87 172 71 326 298 444 45 240 357 274 357 477 18 203 11 411 115 287 295 444 221 472 82 443 433 20 493 139 196 332 133 71 108 146 427 386 181 393 309 468 145 368 174 384 452 499 
226 411 242 316 193 1 450 373 191 94 463 241 484 320 225 130 15 323 419 231 332 357 358 69 234 448 360 358 421 140 26 112 0 249 323 95 466 80 386 254 383 173 177 223 61 173 331 461 484 193 127 366 193 403 298 385 9 415 219 289 354 61 449 75 430 97 409 232 448 111 169 191 119 104 351 330 288 468 10 406 100 425 425 96 34 252 277 313 410 91 58 381 113 63 433 212 75 307 101 12 
283 120 406 283 97 367 113 333 42 0 189 32 387 247 161 408 119 232 271 44 247 107 333 225 311 394 426 102 387 411 191 323 157 237 478 387 136 318 479 144 242 468 69 396 262 32 267 395 61 468 492 366 154 115 84 322 407 367 148 313 478 194 19 496 72 385 197 382 289 101 48 352 388 334 122 114 68 438 295 324 479 486 191 288 298 179 6 275 173 160 18 475 193 386 116 236 339 88 183 441 
499 236 346 185 488 193 252 93 77 38 416 104 109 75 322 110 436 115 148 437 390 286 229 6 267 168 64 422 47 238 24 492 406 31 211 474 131 473 403 230 26 157 192 319 196 160 339 387 322 151 178 460 221 54 173 314 400 473 97 39 363 291 275 486 78 474 104 496 485 434 218 212 42 261 265 388 63 495 435 236 106 304 116 171 34 175 50 332 417 143 36 247 499 267 34 399 12 1 140 434 
492 168 150 483 218 340 168 444 310 402 305 261 364 196 370 343 350 388 260 51 373 8 393 113 479 54 327 1 363 33 21 77 374 331 315 281 36 328 52 490 386 68 383 88 367 276 199 351 428 35 438 184 484 110 192 77 140 336 491 81 19 168 65 389 234 216 369 96 178 379 423 439 246 476 335 408 315 333 20 211 340 55 494 271 395 443 416 256 93 201 293 154 493 259 213 241 148 141 204 212 
19 56 403 306 426 212 334 395 336 477 297 117 7 219 34 339 177 482 366 138 298 266 43 57 28 107 25 377 309 331 448 438 328 478 238 320 7 227 288 18 487 466 418 167 356 365 207 173 98 347 462 386 456 245 15 157 224 191 449 450 416 271 232 69 104 375 58 81 416 269 341 0 482 38 355 65 127 464 128 152 87 481 244 37 150 188 223 304 450 474 17 288 17 347 389 231 239 494 79 60 
53 418 409 358 236 115 467 192 140 16 151 341 266 170 408 303 204 9 181 142 429 406 148 54 437 476 59 265 286 299 139 442 202 390 107 131 122 136 236 336 260 389 130 400 422 253 465 499 291 154 409 340 117 114 347 125 43 211 82 77 295 434 228 246 156 197 56 348 142 185 492 424 126 283 158 476 264 482 49 153 90 469 129 358 95 441 274 249 51 167 33 95 444 259 156 401 286 183 148 96 
259 365 188 256 227 230 331 241 238 326 446 130 397 332 367 143 442 181 209 312 454 291 262 235 69 118 385 278 241 60 475 488 98 462 396 78 326 95 213 392 143 235 297 470 17 218 353 436 130 377 248 381 287 97 83 239 273 304 232 354 247 69 169 392 478 207 307 4 499 108 140 185 11 74 326 388 297 471 281 0 23 253 178 122 166 0 85 306 248 55 364 13 78 120 293 467 379 84 466 290 
134 262 415 327 267 495 412 437 469 230 388 124 486 249 337 148 484 176 288 226 150 96 339 46 318 118 453 361 245 489 74 369 396 490 347 355 66 27 289 380 202 5 145 120 42 253 215 442 479 437 19 280 100 332 99 385 93 140 219 284 145 71 145 44 64 214 480 60 420 216 39 86 82 367 226 55 340 138 157 129 402 159 76 3 341 417 137 103 345 20 436 465 146 424 83 296 158 264 94 27 
342 292 171 98 172 220 341 289 294 490 394 44 78 318 489 491 313 189 137 448 326 232 147 127 441 93 450 477 47 494 241 328 235 465 241 333 377 337 439 207 410 310 476 324 149 454 27 330 153 198 99 307 330 79 170 280 184 106 353 78 374 130 440 94 199 397 460 115 151 284 168 217 228 387 409 316 298 207 462 430 192 482 410 173 199 196 55 496 157 440 55 304 327 263 217 446 495 462 162 443 
489 230 216 482 106 151 446 278 485 318 70 423 118 488 348 250 352 17 91 68 408 249 209 158 210 245 62 63 310 486 493 190 467 211 6 191 406 20 335 299 287 321 94 234 388 415 3 113 254 109 70 80 339 211 283 393 336 331 472 382 64 8 294 367 438 292 432 92 380 124 336 453 19 389 283 43 81 181 392 478 144 372 484 139 88 448 400 329 60 75 446 326 34 52 489 163 65 171 388 188 
10 313 133 148 113 491 390 357 473 381 347 470 146 2 401 378 147 498 270 497 319 396 490 184 227 322 86 369 324 346 275 203 406 114 493 199 242 193 365 136 268 327 87 353 89 331 52 452 274 148 255 33 360 242 38 159 311 238 16 490 4 447 193 226 372 74 109 367 193 165 468 402 99 83 222 66 415 255 442 310 355 402 72 482 439 466 104 320 114 204 65 366 436 136 317 297 406 387 221 248 
30 138 125 464 293 357 210 154 114 234 311 387 469 212 289 296 196 214 129 455 197 304 331 280 496 439 221 247 438 228 493 112 362 443 66 393 339 145 96 336 486 96 403 412 357 477 362 334 476 3 64 375 11 106 339 157 141 486 15 237 287 25 405 142 108 478 260 243 419 319 348 473 106 2 466 137 490 83 99 329 274 377 128 453 437 394 232 292 370 200 84 342 238 118 92 388 268 274 107 398 
111 272 17 101 130 442 447 337 464 361 427 420 327 285 472 48 49 133 240 389 459 373 476 271 2 295 276 115 119 123 83 499 455 342 277 359 26 474 299 45 339 360 163 424 449 469 290 313 353 269 209 330 300 129 315 183 487 132 99 386 247 221 328 174 186 87 418 63 307 252 15 352 68 342 207 493 2 7 276 423 245 199 145 365 26 156 156 300 225 81 254 246 55 60 21 378 432 9 353 171 
492 302 16 339 334 20 79 258 426 73 326 311 119 304 366 154 116 10 60 95 481 347 356 342 216 0 348 324 17 329 114 276 253 442 1 377 214 54 223 419 167 445 342 433 497 143 80 230 95 311 360 302 178 348 107 231 256 465 423 211 194 216 85 153 235 94 401 363 210 125 362 122 291 193 227 304 95 259 385 337 30 11 353 481 168 453 57 412 242 211 171 336 141 89 38 211 161 9 383 449 
292 55 145 416 101 27 388 428 323 146 459 54 301 163 78 411 0 247 183 454 250 94 215 178 237 11 328 237 335 270 120 78 320 154 72 228 250 218 434 334 487 279 372 138 100 417 74 433 381 260 45 369 473 303 453 46 247 336 236 421 337 63 20 450 348 212 31 120 433 334 13 342 354 313 310 216 396 454 116 374 447 242 287 76 378 88 479 40 405 327 358 131 292 135 495 326 362 203 226 100 
158 347 473 28 353 390 314 129 272 127 253 123 31 423 477 368 14 339 430 211 102 196 410 109 171 370 424 186 274 81 284 281 210 257 433 258 107 329 43 284 284 278 465 56 124 485 34 444 167 470 142 475 427 175 263 232 455 412 193 338 190 484 419 183 219 200 18 159 400 202 11 302 105 425 272 376 182 287 231 413 243 35 223 202 163 140 375 326 203 309 188 308 112 299 461 233 328 376 285 377 
480 261 420 407 450 342 430 240 54 441 192 290 457 148 285 49 450 487 320 319 287 137 266 187 271 94 131 267 254 49 328 352 488 474 219 498 79 479 430 363 50 7 465 428 266 491 371 471 196 24 295 47 355 377 55 85 292 385 233 263 31 83 247 282 491 62 352 115 65 275 233 254 109 261 414 427 241 111 66 174 434 311 384 485 404 267 151 102 226 208 226 298 2 211 344 152 22 119 275 207 
254 306 339 408 164 159 290 186 230 388 226 390 391 89 255 53 437 452 153 167 53 11 155 435 19 459 189 441 39 298 368 94 345 15 216 114 45 409 199 318 394 265 103 144 492 312 463 276 38 105 130 428 485 458 185 336 283 188 324 414 128 127 362 4 307 108 300 451 7 167 363 306 204 56 293 448 51 421 417 86 336 300 458 360 91 197 366 37 37 395 327 134 373 423 378 107 194 424 67 220 
467 37 163 43 176 404 55 373 350 37 414 54 270 107 409 392 170 56 102 287 69 370 211 183 249 412 352 146 333 367 192 281 339 107 62 328 138 482 458 248 97 494 368 429 92 32 331 48 415 79 419 170 480 239 27 365 391 272 144 339 365 210 124 285 397 378 110 102 195 132 270 424 390 382 11 330 99 345 272 70 480 63 460 213 181 457 29 81 438 198 198 474 8 287 279 373 145 368 45 408 
298 227 495 278 63 200 1 286 398 413 283 265 451 214 256 317 128 115 239 451 379 29 345 321 260 499 345 208 209 46 156 271 175 239 409 209 339 163 344 232 141 471 153 191 304 458 388 57 358 335 186 118 172 127 3 213 429 382 477 247 451 61 155 319 135 240 255 142 407 473 169 477 25 321 406 433 209 469 396 114 145 104 330 323 201 31 242 201 366 1 337 469 159 44 338 51 261 135 51 25 
310 45 188 273 93 94 338 98 304 337 367 344 420 242 207 221 44 229 218 202 271 54 51 379 243 342 353 180 218 122 11 329 128 207 37 207 397 254 212 319 117 400 11 278 312 133 284 65 407 461 245 47 84 307 20 469 349 485 3 21 444 307 124 51 298 307 168 79 69 133 30 251 370 412 226 284 71 29 35 362 225 147 450 434 362 354 148 58 280 252 445 299 461 320 382 442 182 373 420 27 
286 359 294 75 449 376 425 175 488 246 166 377 95 155 116 7 168 125 270 187 305 370 187 145 333 163 476 315 379 381 254 164 35 160 13 494 201 12 212 171 168 432 426 202 307 105 148 247 414 415 264 223 47 17 393 64 166 399 140 469 374 59 482 409 385 365 163 237 367 220 275 327 489 104 227 112 83 297 34 114 252 83 8 254 130 84 43 236 418 228 304 265 85 47 72 156 374 364 223 56 
150 116 422 180 413 72 56 248 267 15 418 135 219 55 83 430 339 411 272 480 284 109 405 282 355 238 76 405 196 150 411 458 146 300 116 333 444 17 67 201 470 492 27 283 90 390 341 421 348 90 302 25 77 372 383 161 492 238 397 65 51 316 445 12 415 52 370 103 396 452 450 392 160 138 479 169 490 176 101 387 336 125 275 470 116 480 181 334 429 300 97 452 181 480 282 273 446 404 352 178 
131 183 134 228 37 154 240 314 86 137 457 49 332 273 384 324 33 157 445 220 97 233 86 21 412 436 382 358 386 32 118 153 89 156 283 142 194 117 399 110 54 61 467 383 370 236 476 38 76 495 89 264 284 451 129 137 112 234 405 102 312 169 308 496 216 109 64 394 186 121 432 124 454 300 464 156 337 399 21 133 198 186 34 201 11 196 378 35 191 64 318 402 494 421 181 353 310 420 347 427 
461 444 167 296 355 342 212 125 121 399 105 340 234 487 400 292 189 315 336 396 143 177 23 445 134 149 386 5 443 260 38 13 164 345 51 475 136 240 51 105 467 318 133 264 29 252 347 284 462 175 396 235 235 388 190 408 360 394 423 147 265 132 282 450 402 263 117 185 222 340 485 169 386 190 201 149 273 170 2 22 99 94 303 49 316 151 228 223 458 214 144 341 242 410 459 55 139 392 89 53 
347 163 57 144 246 29 453 414 400 494 230 34 331 103 419 402 277 213 49 417 182 83 289 327 77 29 149 407 339 103 471 152 329 454 48 187 148 33 225 120 226 110 132 443 50 414 460 33 54 190 32 239 176 420 217 486 359 257 239 104 359 216 459 390 492 163 206 174 47 149 400 198 73 436 77 94 344 491 32 127 164 494 63 192 314 164 410 106 183 462 87 38 250 303 64 153 6 468 283 4 
167 236 19 257 311 254 176 158 462 246 89 435 165 405 28 109 98 401 430 78 225 76 283 90 493 384 188 400 321 215 303 405 124 176 206 44 156 450 4 28 347 39 245 190 395 35 52 42 223 234 266 238 437 400 156 468 459 427 349 297 465 282 489 59 427 492 9 216 62 203 140 423 140 446 158 191 270 329 227 370 350 447 454 64 84 64 38 367 20 116 188 385 240 180 70 239 84 228 292 69 
371 328 169 16 103 27 181 219 285 293 416 461 30 40 453 437 277 497 496 239 404 84 197 75 264 449 46 176 225 108 38 38 430 171 411 74 235 255 213 121 212 304 221 208 243 461 76 348 368 495 104 366 340 213 487 492 232 265 349 156 448 304 389 468 132 443 154 86 457 352 80 226 99 303 476 27 165 374 220 495 58 455 400 246 179 300 292 327 349 368 219 259 240 8 299 342 180 456 226 100 
87 259 456 430 111 96 22 125 401 195 203 414 322 335 197 171 237 126 230 253 434 330 95 54 321 288 149 321 394 86 154 419 136 97 334 340 419 289 167 467 250 484 161 354 484 161 43 226 491 185 6 277 315 55 423 133 304 1 134 436 298 309 240 104 80 200 166 169 275 84 491 40 137 322 388 131 377 92 185 482 344 191 212 84 364 83 381 415 228 413 340 360 33 397 482 42 20 390 184 304 
244 287 273 125 484 199 259 40 144 351 181 72 164 34 291 266 70 446 154 4 98 277 469 172 282 26 188 342 287 433 43 42 129 33 103 490 109 361 305 482 277 460 285 384 444 92 77 54 160 116 161 370 40 294 346 129 42 133 332 403 337 47 485 283 386 253 231 462 488 230 143 264 9 110 258 329 139 456 484 285 211 325 328 163 416 378 147 359 351 324 461 150 358 431 404 370 211 53 486 125 
327 216 9 335 187 253 96 76 401 166 85 42 73 174 45 399 14 431 168 397 63 200 286 299 199 233 13 19 113 28 360 321 228 173 258 50 167 209 299 352 274 209 304 442 180 93 477 315 244 263 361 384 306 34 60 285 367 317 180 87 179 410 116 447 218 175 136 442 117 130 103 374 499 95 185 348 240 348 220 170 252 440 225 439 322 356 3 373 335 495 356 374 274 263 292 430 22 241 237 111 
54 0 211 418 12 207 355 193 39 33 214 250 341 473 185 287 329 104 107 82 466 295 419 283 73 215 122 411 291 374 10 404 1 135 368 15 371 217 100 121 179 114 295 128 280 90 249 23 427 9 331 457 356 229 291 395 332 30 115 365 373 260 291 238 295 451 286 185 406 210 90 147 267 314 70 174 192 199 313 420 222 402 373 29 225 489 321 393 315 1 247 18 241 334 36 472 82 196 413 45 
300 484 278 195 492 296 189 208 201 228 393 426 136 413 199 195 258 483 441 174 135 286 497 354 98 212 53 339 324 450 432 163 201 324 343 295 389 218 462 378 91 249 356 360 400 341 246 498 298 103 202 238 179 378 351 419 76 226 269 246 25 394 301 166 418 462 479 184 234 371 9 354 39 86 424 415 327 478 186 384 154 190 278 492 183 102 491 242 199 192 1 242 0 234 442 207 454 79 336 209 
384 147 152 67 220 47 471 458 200 20 194 478 256 30 227 252 356 344 410 417 456 338 381 15 109 352 16 462 241 337 116 388 5 466 214 467 167 84 458 34 455 459 220 202 2 397 194 475 57 398 32 256 494 377 465 124 256 154 455 129 372 118 173 381 80 384 22 298 411 401 0 22 36 387 142 304 484 241 211 25 118 46 53 399 157 271 161 341 462 418 427 399 402 212 215 489 94 21 373 62 
340 419 299 15 432 496 381 215 452 0 430 138 488 246 404 473 218 397 460 276 217 215 299 286 47 433 72 420 385 97 335 12 74 4 405 440 210 42 57 464 320 56 355 224 390 481 255 398 108 116 11 246 132 484 480 295 452 271 423 21 100 165 212 467 162 473 295 170 483 382 98 67 464 47 109 106 360 334 44 119 456 198 314 142 320 499 346 221 420 168 103 48 163 71 275 264 311 163 493 217 
173 434 363 331 418 252 205 206 211 259 412 336 316 473 489 329 247 363 45 349 487 83 265 131 311 68 302 234 157 16 215 232 482 487 450 320 148 203 239 124 370 3 2 40 442 375 276 14 152 280 157 290 82 352 485 108 323 473 339 495 33 302 493 276 458 394 261 123 81 148 195 369 237 146 232 480 209 130 266 343 356 250 70 145 60 99 154 387 327 128 367 191 198 396 478 48 423 105 133 388 
270 283 176 89 364 404 216 195 494 141 209 336 186 141 139 37 473 92 322 321 228 319 174 259 72 230 443 389 247 370 173 214 230 252 140 339 276 289 344 482 64 259 399 423 86 153 189 383 33 387 387 169 205 53 479 123 271 111 316 46 146 339 459 66 405 415 429 280 344 377 238 428 115 90 325 401 8 86 316 87 417 184 334 296 286 9 44 266 340 137 73 176 110 462 337 91 399 384 472 15 
485 149 490 378 40 381 291 17 485 36 352 380 460 167 71 278 44 433 95 393 18 47 114 75 445 250 125 266 49 183 353 289 157 379 466 468 390 168 488 384 324 468 365 215 390 468 358 26 94 364 365 303 438 333 190 178 230 351 141 91 46 320 8 218 402 408 265 89 413 399 229 29 181 176 158 103 204 240 271 129 364 246 54 249 427 435 175 98 394 209 441 321 314 484 224 129 268 445 490 158 
285 470 447 114 221 21 308 313 217 9 345 82 94 283 134 311 277 241 23 50 408 136 87 468 438 381 179 187 185 28 446 114 343 66 156 443 455 0 91 136 282 57 397 254 301 83 312 56 136 392 347 195 20 8 374 105 197 365 399 463 59 263 209 458 386 245 28 229 171 136 323 389 105 146 399 457 348 282 265 112 421 438 110 64 58 265 65 328 263 306 33 437 374 388 359 141 106 52 357 360 
