41 467 334 0 169 224 478 358 462 464 205 145 281 327 461 491 495 442 327 436 391 104 402 153 292 382 421 216 218 395 447 226 271 38 369 412 167 299 35 394 203 311 322 333 173 164 141 211 253 368 47 144 162 257 37 359 223 241 29 278 316 35 190 342 288 106 40 442 264 148 446 305 390 229 370 350 6 101 393 48 129 123 84 454 256 340 466 376 431 308 444 439 126 323 37 38 118 82 429 41 
333 115 139 158 204 430 477 306 173 386 21 245 424 72 270 329 277 73 97 12 486 290 161 136 355 267 155 74 31 52 350 150 441 224 466 430 107 191 7 337 457 287 253 383 445 409 209 258 221 88 422 446 6 30 413 168 400 91 262 155 410 359 124 37 48 483 95 41 102 350 291 336 374 20 96 21 348 199 168 484 281 234 53 499 418 438 400 288 127 467 228 393 148 483 307 421 310 117 313 14 
309 116 435 451 100 249 19 56 298 303 224 8 344 109 489 202 195 485 93 343 23 87 314 3 448 200 458 118 80 296 298 281 89 298 9 157 472 122 38 292 38 179 190 157 458 191 315 388 156 11 202 134 272 55 328 146 362 386 375 433 369 142 344 416 381 498 322 151 21 199 57 476 392 389 75 212 100 10 3 369 361 188 401 289 255 423 2 85 182 285 88 426 117 257 332 432 169 154 221 189 
476 329 368 192 425 55 434 49 441 12 145 60 218 253 139 423 279 496 187 29 49 437 366 449 193 195 297 416 286 105 488 282 455 234 114 201 316 171 286 263 313 355 185 53 412 308 332 445 313 256 321 58 146 482 481 144 196 222 129 161 35 450 173 466 44 159 292 439 253 24 154 10 245 149 186 313 474 22 168 18 287 405 458 391 202 125 477 414 314 324 334 374 372 159 333 70 487 297 18 177 
273 270 263 168 192 485 102 480 213 127 302 99 27 125 43 424 23 472 61 181 3 432 5 93 225 31 492 142 222 286 64 400 187 360 413 474 270 170 235 333 211 260 396 167 285 50 140 194 195 124 19 125 76 194 158 302 371 466 178 93 351 484 18 464 119 152 300 87 60 426 10 257 170 315 76 227 43 258 164 109 382 86 65 487 77 474 125 127 129 428 423 20 402 462 123 96 237 261 195 25 
264 260 202 116 30 326 11 271 411 47 153 20 290 424 188 263 440 351 162 329 400 213 458 78 365 7 477 200 58 439 303 260 357 324 477 108 113 387 301 350 460 428 493 384 405 40 111 204 335 356 72 350 323 485 56 216 126 357 26 357 337 271 369 361 396 22 117 112 217 196 85 41 423 129 229 65 59 432 296 355 53 462 84 234 154 472 457 369 32 463 107 483 411 135 67 348 175 438 223 142 
254 11 241 175 459 325 221 370 126 434 205 283 350 398 279 201 193 234 137 34 56 493 176 205 462 48 381 300 413 141 355 355 142 462 111 377 424 178 252 443 296 173 40 313 375 72 318 110 17 432 112 195 169 331 40 488 185 90 497 89 490 145 353 314 151 240 44 258 335 259 192 105 264 181 3 329 275 108 292 497 49 56 61 127 467 41 129 240 313 174 101 77 215 183 213 492 324 101 392 259 
170 428 27 84 75 286 498 470 287 347 104 3 221 163 206 363 10 171 489 240 164 42 119 413 91 204 318 232 250 205 475 39 303 422 98 247 84 148 471 364 413 75 45 212 46 178 269 262 19 485 289 444 365 40 245 8 318 370 101 323 132 472 152 87 70 263 401 103 423 27 100 469 15 65 28 43 347 88 443 137 409 463 49 181 88 342 108 60 221 258 454 388 146 190 449 343 430 120 248 67 
36 283 35 226 185 38 353 129 224 248 423 359 257 266 444 455 318 226 411 25 355 1 49 496 84 15 464 342 75 413 142 196 448 72 426 106 173 429 404 205 126 312 375 93 65 36 236 141 314 494 256 152 436 338 482 355 15 131 230 341 125 11 137 186 190 150 162 134 393 353 416 452 8 262 233 454 303 134 303 256 148 124 317 213 109 28 200 80 318 358 50 155 361 264 403 176 143 409 402 61 
489 448 282 153 174 220 402 423 331 369 378 259 8 119 471 3 445 281 4 392 185 313 198 89 222 438 37 410 461 234 8 461 459 493 15 269 437 369 58 200 471 264 117 215 55 315 330 39 212 288 82 454 85 210 484 274 380 315 451 41 115 179 110 398 73 288 477 132 456 189 113 8 441 290 223 363 28 184 278 200 71 385 474 71 333 367 153 295 168 325 176 129 150 98 309 193 186 80 116 249 
167 28 179 364 421 405 326 316 16 226 166 87 181 464 340 186 21 162 221 64 309 415 402 373 124 441 245 262 423 31 306 268 318 102 407 307 481 12 136 130 114 309 84 56 290 293 496 152 54 345 208 248 491 212 131 114 439 458 222 204 495 52 269 479 238 423 418 366 159 498 486 196 462 133 158 22 146 392 37 425 147 458 102 307 98 330 292 100 278 299 352 448 382 40 315 75 262 67 336 397 
418 397 328 351 316 230 449 425 158 229 20 440 60 147 162 155 175 292 361 254 398 146 214 446 188 69 138 163 75 15 21 475 115 28 234 70 405 464 57 462 161 24 49 469 330 423 350 333 425 410 237 336 337 278 393 136 214 164 91 449 135 5 337 4 337 123 164 470 108 68 281 85 152 373 152 194 376 326 396 72 249 140 174 319 443 111 441 289 419 65 305 85 216 450 115 109 64 166 393 74 
9 300 195 73 89 161 172 468 358 31 268 426 10 422 274 279 410 52 182 391 495 264 374 364 402 255 460 474 472 321 122 47 77 289 105 195 94 450 343 254 481 12 172 439 428 412 262 467 408 415 408 223 259 434 204 486 319 458 445 306 166 200 367 192 287 32 56 474 447 21 283 222 331 376 83 448 223 482 18 276 220 111 182 356 490 425 324 486 177 469 143 34 177 168 68 491 196 283 328 227 
426 371 197 112 203 27 408 45 8 185 238 237 443 313 1 350 128 111 150 149 192 454 369 181 465 267 213 293 134 472 472 330 401 442 177 377 270 202 364 381 90 323 237 23 179 95 169 327 42 310 182 58 426 487 170 28 151 258 213 360 283 286 242 110 472 128 434 341 218 3 367 365 438 381 257 250 114 98 458 161 63 256 307 278 489 435 365 75 86 386 333 360 330 48 428 492 433 340 266 235 
310 99 337 392 482 328 352 369 244 294 108 252 147 432 35 208 264 497 243 149 15 341 189 100 312 148 23 351 474 133 391 200 354 490 197 419 280 78 431 44 340 487 399 25 483 38 492 193 252 11 60 334 340 497 285 29 40 305 291 392 210 49 78 479 471 277 73 193 120 497 326 276 290 82 78 159 418 489 159 449 424 72 380 8 467 208 477 3 370 107 196 74 222 111 19 261 56 390 163 183 
216 432 452 241 454 313 362 396 460 115 404 99 136 180 198 32 387 84 240 17 6 170 241 382 249 23 258 105 121 95 296 416 178 178 79 58 77 250 7 229 81 495 178 176 253 399 284 65 93 108 172 243 429 14 168 55 191 473 422 248 151 486 144 446 77 17 129 416 374 291 469 412 146 193 91 315 449 357 140 52 236 51 487 226 162 455 183 394 180 97 65 65 13 261 78 78 378 140 111 447 
445 170 475 489 250 149 333 365 214 282 7 432 396 367 22 382 310 141 231 187 205 479 321 38 351 447 208 146 276 259 189 422 166 486 455 28 114 360 253 277 348 3 361 431 82 455 197 106 252 321 296 281 21 455 447 124 318 135 376 274 359 498 74 253 422 135 143 388 153 232 247 180 426 178 450 301 461 199 355 363 216 73 61 245 473 274 50 353 181 287 199 110 143 465 172 29 481 112 476 381 
247 390 171 305 372 32 489 320 165 431 158 293 206 78 448 206 171 166 396 197 20 194 29 288 109 484 469 478 117 15 126 184 168 406 428 97 118 390 199 285 486 199 420 210 271 313 415 85 318 80 331 267 387 444 186 7 360 327 74 431 152 271 268 193 385 337 311 104 177 406 268 22 413 0 42 37 38 388 355 289 147 181 93 84 487 261 493 217 1 482 447 165 253 104 84 95 25 221 464 281 
372 106 156 343 93 80 80 368 411 213 468 251 216 79 268 40 31 433 279 163 259 153 436 95 365 374 220 335 180 476 455 225 71 308 59 156 102 332 405 440 375 62 385 462 80 336 297 202 8 80 340 76 58 493 240 46 474 273 97 380 335 72 400 207 455 166 141 88 481 168 315 396 225 9 12 136 455 262 43 242 21 422 12 248 18 368 217 214 150 290 335 259 169 395 303 140 479 199 105 291 
161 181 152 253 33 29 487 42 253 83 420 314 218 244 63 229 152 364 269 470 5 47 94 487 326 276 323 40 179 490 88 210 271 445 221 470 183 89 455 478 279 6 262 135 487 196 33 88 435 279 493 290 462 465 1 105 307 67 169 134 171 457 498 45 97 218 338 344 372 63 28 264 301 223 490 104 101 227 197 192 271 363 301 363 221 65 421 445 110 495 241 22 312 151 15 55 393 238 279 382 
108 154 322 207 245 338 144 290 339 154 104 123 225 78 224 481 330 233 223 94 130 346 487 445 305 116 250 489 338 463 135 197 209 130 224 408 237 474 420 372 293 355 234 61 56 106 184 75 382 119 241 432 184 279 279 283 167 336 125 118 237 28 119 77 237 91 56 295 60 401 293 432 136 80 375 407 184 74 219 290 476 41 351 329 290 474 72 91 189 287 490 239 393 53 63 181 403 5 176 479 
195 139 468 498 83 139 15 121 493 326 222 338 328 81 399 478 391 23 443 334 243 349 202 207 2 141 187 346 391 137 413 400 316 190 162 435 126 410 377 382 260 189 205 374 163 222 195 66 360 38 88 311 245 467 425 367 189 42 63 47 2 117 99 23 226 203 48 51 70 136 458 467 456 405 31 462 319 475 56 31 495 44 91 303 388 415 450 319 272 291 383 133 275 142 69 300 454 78 85 257 
333 393 490 103 250 233 222 271 111 490 338 141 258 47 352 158 479 302 183 490 2 68 422 395 135 8 361 242 194 199 188 178 42 357 441 347 469 345 380 413 464 210 61 385 73 4 462 203 102 69 154 29 52 74 149 230 244 344 49 118 65 363 52 273 470 231 247 11 369 398 498 103 352 179 53 43 22 88 63 334 350 22 240 411 492 151 80 477 116 376 178 220 115 348 298 179 135 357 383 162 
402 262 420 270 22 273 341 186 388 417 217 392 198 267 249 65 389 432 119 81 3 130 28 131 89 152 130 172 364 407 295 428 181 490 110 177 71 236 459 143 340 133 37 393 130 274 493 282 203 461 290 162 307 497 151 423 390 217 140 203 66 383 161 159 245 386 151 265 101 340 209 497 283 250 58 421 175 81 287 271 287 499 4 479 138 200 30 461 118 205 40 328 459 122 398 260 98 435 481 114 
67 493 96 161 246 38 170 38 476 55 417 371 260 252 258 433 255 65 226 401 34 259 393 48 273 292 193 433 137 103 190 211 194 168 127 498 489 248 379 147 149 431 169 375 98 449 436 99 123 443 231 154 361 434 385 467 316 393 204 366 453 308 223 184 292 167 48 469 430 311 314 90 427 243 104 99 474 195 6 158 89 358 309 389 447 40 318 364 475 26 89 3 66 412 340 70 176 395 141 486 
151 109 187 83 85 390 250 186 255 381 128 2 277 362 424 65 372 332 385 428 146 389 478 383 425 265 260 45 278 321 355 20 427 273 134 251 175 336 334 1 237 310 474 90 356 71 80 435 145 282 325 218 73 212 37 498 405 162 217 192 39 47 446 103 231 115 339 358 329 145 394 199 145 272 175 362 72 273 480 238 397 42 108 203 277 125 134 401 78 382 169 236 478 439 138 221 426 163 177 75 
224 481 200 461 362 2 448 95 184 16 137 7 493 284 444 259 321 58 143 168 177 119 357 41 391 264 123 415 72 429 341 215 115 36 457 259 200 452 93 241 329 448 227 298 224 324 274 133 385 38 170 362 129 84 409 378 423 85 400 24 193 105 412 265 267 407 177 284 204 290 334 391 121 85 234 190 42 498 86 18 121 424 97 376 254 169 108 427 493 68 366 102 438 100 319 318 290 484 339 56 
308 132 478 314 287 239 74 20 327 54 488 441 298 142 2 321 104 446 56 9 333 208 261 33 186 304 385 142 342 260 161 120 343 78 187 113 63 91 434 415 156 261 12 411 459 251 238 370 124 7 7 84 451 101 489 458 441 290 13 412 355 60 93 472 402 176 43 373 266 151 275 28 32 261 469 3 229 107 392 451 453 392 70 19 472 407 494 5 440 383 262 409 107 38 360 471 171 154 447 14 
23 229 489 266 387 256 132 470 239 166 22 283 160 53 205 91 259 386 187 129 42 317 45 356 388 452 154 466 333 260 419 131 238 267 276 98 314 320 53 7 469 216 222 342 7 463 260 447 293 130 217 43 376 314 126 117 334 120 171 292 464 154 366 193 164 275 0 212 100 51 476 379 443 377 289 361 385 272 434 144 61 63 4 446 388 308 157 430 123 464 74 346 337 481 318 111 292 91 332 123 
461 491 461 330 498 369 291 400 179 117 317 414 95 441 436 367 28 453 409 473 481 3 69 316 383 367 385 402 230 157 181 67 310 366 187 171 477 245 264 238 171 47 115 92 311 157 405 53 171 80 240 30 175 320 290 377 498 86 104 489 131 244 388 110 218 419 259 427 109 119 479 216 300 396 353 458 330 93 306 349 354 272 160 294 54 333 146 229 471 428 59 241 421 188 366 33 185 270 329 261 
360 208 482 162 6 378 479 397 387 38 469 283 40 295 266 133 9 57 317 134 53 135 258 93 343 193 466 451 140 94 437 174 12 97 51 195 317 492 292 237 30 113 296 210 389 128 309 286 244 340 182 69 120 393 292 462 214 27 307 194 205 213 11 413 193 164 203 495 262 381 446 409 48 268 124 11 454 235 127 133 240 362 127 77 317 340 142 100 400 58 476 154 435 430 331 295 37 123 422 427 
29 211 211 254 380 253 293 321 285 28 443 0 55 171 270 452 375 131 140 434 40 486 334 248 39 265 296 312 262 52 231 487 464 57 248 56 170 450 182 301 293 99 332 44 331 75 4 50 26 66 238 301 123 343 441 380 195 418 159 363 128 329 88 354 113 479 69 166 179 77 337 402 115 292 223 372 448 323 153 448 395 197 8 408 411 493 165 281 202 110 328 256 205 465 23 269 215 253 305 184 
478 145 340 333 285 400 468 494 133 385 348 281 32 256 410 372 482 401 306 135 360 471 27 137 343 268 233 495 171 103 442 11 379 34 12 93 30 161 234 258 426 406 191 443 188 227 219 484 224 93 435 224 94 82 367 127 5 146 186 89 40 237 350 259 78 456 177 403 42 300 311 225 143 95 16 115 304 6 368 141 335 198 325 313 23 312 118 457 396 339 86 94 346 43 22 411 280 455 358 347 
370 490 373 327 413 454 396 472 450 241 141 146 25 213 324 429 195 403 94 493 67 187 140 79 41 125 34 360 0 407 121 192 293 117 217 403 443 393 139 11 425 28 478 248 350 392 444 154 123 353 36 47 346 326 61 404 238 71 386 405 299 56 228 267 251 19 491 166 217 346 93 187 421 412 367 299 444 397 201 328 442 104 268 268 141 296 262 220 244 418 125 219 84 174 484 459 149 14 195 3 
32 351 37 314 363 151 219 290 417 183 418 84 252 86 269 248 137 397 424 168 27 148 493 382 271 169 393 377 14 104 484 443 495 311 293 392 298 490 299 390 493 74 49 274 314 173 69 218 365 333 238 411 252 463 8 149 88 245 231 420 106 271 368 421 258 157 147 482 238 122 223 406 206 189 156 345 351 423 118 50 97 336 91 406 10 313 151 380 344 243 241 245 78 449 205 14 285 227 124 204 
356 417 227 55 102 286 468 198 479 411 489 258 490 275 410 132 89 296 450 112 122 29 172 336 277 53 476 170 85 152 251 397 251 1 435 193 72 416 216 328 11 125 338 296 439 44 56 326 402 258 88 21 86 108 277 128 479 447 49 280 245 128 62 426 219 177 91 47 285 231 406 184 454 269 209 456 421 445 465 16 360 497 335 190 177 49 5 386 388 175 143 377 130 487 55 482 253 0 254 289 
488 215 8 310 440 299 497 207 454 304 237 485 499 292 113 112 182 483 351 129 137 33 100 364 183 357 468 210 468 208 141 232 437 184 499 201 369 83 256 192 140 87 12 310 320 335 163 115 397 177 274 134 53 33 378 286 124 234 75 349 212 484 124 292 4 322 55 413 462 473 84 160 122 53 397 322 250 337 417 6 431 197 5 236 357 99 290 398 485 447 84 92 225 496 355 328 338 342 428 295 
242 37 6 267 53 293 5 146 109 424 354 465 239 206 209 492 499 175 36 61 147 118 13 227 212 396 409 341 130 90 34 415 286 23 166 344 236 37 416 393 449 471 344 277 285 200 90 285 325 118 168 6 229 8 41 225 36 480 216 470 384 247 328 436 204 200 23 364 411 40 250 4 483 266 141 170 345 6 88 256 107 266 357 178 199 174 155 191 490 332 358 496 417 290 467 207 234 246 462 402 
239 426 95 406 314 350 86 279 276 322 379 301 312 176 164 357 70 38 312 144 61 180 200 143 356 61 147 439 308 290 452 479 118 419 7 284 47 477 175 113 209 371 142 339 336 121 1 34 129 358 436 469 397 4 298 202 105 238 32 65 16 481 79 23 227 271 313 382 140 316 488 319 89 13 259 351 271 283 364 38 12 184 259 1 74 233 59 214 149 95 22 41 416 377 52 65 391 138 310 467 
55 287 224 222 439 441 148 304 334 368 441 372 168 474 176 137 133 241 245 18 15 474 252 346 456 24 466 81 144 240 334 296 376 27 205 18 291 141 465 191 471 259 200 217 16 443 124 64 5 157 2 166 275 46 132 289 46 145 3 152 401 326 153 184 149 350 405 346 25 470 336 295 293 323 32 356 396 210 276 192 50 290 295 352 350 315 36 361 260 484 229 34 50 82 306 436 84 290 117 182 
66 116 388 425 101 110 450 482 121 193 38 254 93 395 280 138 167 420 345 383 365 196 333 390 132 189 339 183 317 129 253 179 113 100 252 145 361 151 318 463 313 407 54 476 117 211 429 264 466 31 442 198 22 155 87 257 158 464 262 10 446 65 380 165 446 40 297 42 464 194 84 270 215 200 206 106 302 196 333 111 67 415 145 175 354 448 419 79 488 321 92 97 197 9 152 71 158 122 359 497 
499 399 120 320 36 484 412 415 453 485 241 199 67 208 344 169 181 379 108 207 259 206 349 75 26 124 107 274 384 128 46 145 481 214 149 168 338 307 293 4 105 197 217 455 141 343 133 97 179 236 55 133 454 430 252 404 279 488 370 254 72 176 201 415 86 231 480 475 260 14 438 157 490 438 481 447 242 118 70 131 61 219 281 490 333 172 63 302 2 428 221 398 447 445 406 222 186 294 77 344 
183 47 240 485 464 223 337 153 168 130 255 466 358 12 156 318 201 142 276 6 202 184 23 270 312 250 475 311 350 195 488 20 101 183 298 392 348 284 245 187 462 343 258 359 371 16 172 332 441 183 88 15 476 16 298 39 283 205 497 146 269 175 417 387 20 30 442 235 389 373 480 73 277 286 381 285 22 345 479 85 213 435 235 383 186 96 148 85 252 21 260 482 136 188 419 236 292 65 278 198 
496 386 11 476 47 121 202 245 202 64 39 72 257 370 420 154 359 80 298 391 460 10 91 367 33 175 136 499 275 290 376 256 272 203 86 467 15 42 495 66 456 186 437 198 126 364 85 165 408 340 360 314 154 12 252 338 206 25 130 249 179 79 313 338 17 421 145 491 469 339 308 65 262 473 181 470 147 53 208 8 215 429 66 189 163 271 41 259 131 72 14 466 488 170 168 199 155 350 444 436 
278 406 427 313 23 371 327 73 461 173 434 102 87 417 463 153 126 95 495 213 406 370 359 305 496 333 223 352 379 19 126 293 85 465 371 444 107 271 87 99 19 96 215 52 492 253 257 90 459 357 386 309 365 186 19 259 313 435 28 101 468 369 456 231 78 74 395 343 274 316 24 11 85 222 471 57 95 174 38 183 158 295 222 483 231 3 232 300 90 480 408 5 202 358 318 57 61 120 28 156 
213 332 92 182 467 320 358 74 487 94 483 364 264 214 246 390 425 255 163 467 292 231 119 380 218 128 448 220 79 91 266 87 308 126 325 159 18 220 35 314 456 147 156 134 360 251 208 478 294 89 24 476 194 90 189 372 419 301 202 344 23 39 109 327 137 186 416 327 169 123 399 14 415 144 436 169 378 176 358 452 346 137 415 488 116 288 382 74 333 415 56 156 62 116 24 129 442 484 372 49 
396 26 82 202 275 416 165 52 259 255 417 344 54 443 324 499 422 121 233 413 417 293 373 60 175 74 485 1 122 208 395 26 220 291 488 429 72 477 193 8 254 422 376 137 316 303 90 412 289 253 479 299 322 402 102 369 154 229 234 438 274 226 463 134 472 348 453 3 307 18 333 437 195 179 161 144 159 461 407 76 472 145 92 472 128 196 311 35 335 229 216 32 456 158 249 120 296 224 120 26 
406 483 445 74 191 88 38 164 104 377 353 442 4 123 352 125 111 342 224 149 135 90 146 328 355 304 241 409 381 279 102 83 192 32 312 99 161 47 405 290 69 459 128 139 228 80 471 278 440 456 148 444 245 125 210 198 116 180 315 64 226 472 479 93 482 5 36 333 105 87 232 138 165 64 18 399 32 8 396 438 478 138 245 59 169 244 362 269 49 18 467 58 143 61 103 190 186 226 103 4 
300 268 423 347 396 66 230 165 152 0 117 173 286 168 97 79 224 228 260 158 425 267 312 234 452 169 62 70 211 235 390 211 64 250 460 45 267 254 287 217 65 442 88 273 315 79 337 388 269 386 330 309 140 321 319 381 126 20 411 454 393 484 357 499 336 329 450 457 405 365 334 49 94 92 270 119 17 313 253 117 477 160 5 153 91 62 76 354 72 134 16 50 193 445 352 247 21 61 344 259 
366 385 439 218 107 268 54 50 432 299 20 235 98 292 416 182 29 316 59 258 83 399 135 357 70 271 342 280 377 406 295 186 403 252 218 35 285 428 178 460 101 449 364 385 126 157 237 341 438 93 96 33 493 268 373 435 109 96 381 61 239 84 423 499 231 349 442 106 350 287 40 269 223 88 467 83 400 158 106 438 463 420 366 258 185 23 229 298 356 470 175 196 183 488 119 446 190 275 469 19 
341 197 45 154 158 58 294 291 341 337 400 232 175 236 438 458 80 85 13 284 253 227 285 426 170 36 281 370 49 348 77 199 335 73 137 351 231 117 233 71 376 29 231 44 342 467 0 28 416 134 499 257 240 81 123 441 131 249 39 299 75 99 363 245 226 201 424 83 389 235 24 395 245 170 483 217 392 252 324 273 240 255 468 70 343 30 256 265 114 480 458 358 124 8 311 167 217 428 90 99 
80 370 490 412 0 64 275 84 182 411 106 368 144 326 436 366 92 488 338 365 212 447 446 159 52 271 256 110 57 166 250 170 145 425 148 374 274 43 429 36 263 16 358 434 301 61 155 315 174 82 139 82 24 400 75 337 376 300 424 364 37 195 25 129 351 288 294 244 206 75 71 490 384 319 479 195 158 307 345 374 438 156 320 432 266 222 457 53 271 455 389 125 29 128 39 27 394 490 148 54 
17 192 30 118 148 56 490 282 243 439 301 493 427 269 393 33 431 92 135 26 342 80 116 461 217 407 420 245 166 121 282 282 6 491 370 115 195 143 263 271 92 435 217 412 381 467 221 452 322 328 230 429 424 199 153 151 294 41 264 383 220 144 388 77 213 202 158 202 253 249 58 75 90 138 323 395 201 205 58 123 287 41 26 30 209 320 435 43 31 174 402 100 71 275 9 430 294 122 236 390 
15 452 254 282 433 188 355 460 445 423 42 159 487 443 347 84 389 168 288 198 280 479 207 313 360 447 346 271 182 344 142 448 136 353 49 388 323 325 251 190 139 46 362 275 124 78 485 103 281 377 350 48 170 494 216 229 226 38 415 172 352 362 421 167 128 465 329 259 82 389 486 419 235 140 166 132 485 322 3 161 396 141 150 432 372 361 270 313 165 145 120 310 128 470 121 96 4 14 299 210 
269 52 235 471 344 330 382 261 395 151 166 83 210 258 372 295 406 14 452 284 405 312 21 341 75 290 25 111 167 482 283 387 293 50 179 268 274 384 129 335 460 105 11 492 324 50 16 60 301 259 309 423 67 300 225 256 140 48 155 307 449 491 260 382 336 219 270 179 225 19 309 201 131 324 307 225 301 283 469 488 164 463 124 34 270 351 497 224 11 67 265 340 379 455 28 161 432 227 160 139 
166 237 48 348 404 48 65 221 133 175 241 14 147 362 454 176 454 158 221 284 188 466 116 356 180 429 37 129 389 343 4 101 384 420 487 136 52 82 28 366 472 193 458 179 483 487 323 397 96 94 401 153 20 3 472 20 432 453 324 33 57 165 232 280 167 466 190 368 426 328 479 144 203 449 333 3 410 240 27 110 27 282 393 187 363 461 65 99 251 318 81 58 103 358 238 178 464 457 72 221 
422 256 367 260 298 343 234 341 19 352 62 411 311 293 405 381 151 260 398 271 342 194 84 35 0 455 155 323 150 188 439 10 17 432 448 210 495 419 148 189 171 351 195 223 137 149 300 407 134 384 177 312 141 304 496 162 37 51 351 232 65 438 445 228 194 26 178 245 428 205 149 257 312 401 199 227 192 353 295 42 67 149 376 255 242 248 103 315 47 73 465 249 137 169 331 470 53 268 52 178 
156 481 195 86 429 231 278 359 252 89 458 238 54 472 208 156 171 147 3 11 174 319 107 205 99 288 261 45 435 492 232 76 167 403 367 399 54 167 212 114 129 293 477 354 12 331 389 326 147 299 489 174 336 112 387 457 3 491 482 329 27 361 452 496 146 183 97 54 32 102 445 476 224 81 195 123 132 343 102 369 282 489 437 99 35 179 154 152 399 350 132 445 293 371 149 90 204 177 205 319 
250 28 228 222 168 285 274 184 151 384 37 415 189 181 74 259 350 46 260 427 233 421 161 318 46 350 263 461 346 458 94 371 445 2 246 420 254 453 260 86 419 235 116 113 335 92 18 265 370 336 25 246 144 12 482 315 105 226 201 273 306 80 93 490 91 214 223 357 200 349 322 285 262 202 268 374 152 348 235 138 262 237 272 292 200 343 19 481 370 491 145 484 214 85 79 399 282 386 119 150 
193 185 16 108 388 499 425 396 269 331 314 2 470 37 98 77 398 351 388 463 53 5 241 267 162 155 81 195 118 372 94 170 38 121 445 23 243 365 218 135 437 99 499 192 54 124 31 66 429 222 56 318 375 192 410 361 132 228 22 149 277 326 348 278 277 338 175 444 125 139 321 340 140 466 81 148 47 451 407 51 110 57 77 9 403 76 40 23 74 454 369 406 485 499 48 430 73 158 316 384 
373 31 104 283 291 422 10 487 364 68 494 79 23 209 157 141 285 477 23 272 328 435 49 17 9 243 367 265 90 391 369 38 104 276 212 491 193 409 120 197 162 128 100 259 342 440 89 494 142 120 486 146 464 486 271 443 466 474 445 288 349 327 454 4 281 246 257 285 114 350 332 173 443 312 232 383 239 268 89 183 209 487 295 245 412 139 435 248 479 207 230 454 101 440 43 218 412 377 123 472 
483 385 186 220 257 202 439 106 276 424 152 37 35 199 316 390 367 106 221 475 20 292 65 47 258 184 31 329 282 205 162 189 423 370 342 282 196 180 469 72 215 51 236 255 174 477 154 229 382 351 269 237 301 176 104 73 161 197 95 125 485 62 229 60 218 73 79 209 162 224 74 182 475 315 343 446 32 68 184 361 472 286 266 89 151 104 233 94 76 98 104 33 468 184 417 464 116 14 66 496 
373 148 10 396 441 291 366 89 20 355 448 251 81 271 325 228 173 454 309 430 238 491 239 353 448 67 54 377 490 197 56 273 89 362 36 429 388 39 85 341 167 20 60 47 81 382 106 489 284 403 460 462 232 392 343 63 423 111 240 192 443 270 419 349 112 76 345 486 56 103 364 498 8 378 338 223 5 411 193 117 443 227 14 290 416 301 339 44 236 12 274 433 240 401 183 135 328 133 437 134 
77 171 222 263 159 40 368 282 348 366 290 227 458 71 106 305 1 434 270 55 7 299 230 75 303 439 194 488 164 173 48 358 280 487 264 213 13 452 170 478 266 204 416 149 377 337 37 459 432 455 105 26 437 366 414 155 290 446 182 135 93 436 346 238 456 403 214 99 41 425 74 324 344 363 249 276 97 334 147 426 43 244 92 261 269 175 139 196 481 471 268 213 166 30 306 109 290 59 184 46 
259 103 106 391 93 196 83 450 57 435 12 167 369 165 403 473 291 16 149 15 118 243 388 497 211 91 374 63 125 7 370 121 227 158 336 275 221 76 299 419 241 111 212 209 135 263 330 14 336 283 32 488 339 205 170 440 368 391 228 485 37 320 124 497 354 203 494 62 365 54 200 302 214 129 294 26 463 28 248 179 351 199 3 442 280 16 290 98 358 230 53 51 262 444 149 485 55 72 389 358 
52 129 140 360 46 127 44 422 436 473 154 333 256 51 391 34 431 322 79 202 176 80 269 388 429 385 2 110 327 274 260 99 42 55 393 65 428 72 284 226 298 23 201 87 88 497 152 175 250 178 455 393 130 406 31 489 165 21 127 464 440 113 389 210 488 263 320 188 321 264 3 254 222 316 354 86 425 24 318 302 120 159 488 182 341 74 0 66 222 254 52 350 16 226 486 102 237 401 401 249 
467 102 265 381 343 210 8 489 358 184 121 106 86 487 371 490 472 18 73 353 281 162 496 213 451 115 304 285 333 64 4 337 453 284 333 472 421 44 370 257 88 129 297 340 423 401 343 376 231 0 148 113 253 311 193 332 451 314 99 216 212 334 349 252 412 141 209 450 180 69 35 62 365 111 317 11 263 321 106 345 443 350 93 164 442 444 333 236 2 25 59 453 7 6 43 129 251 70 395 228 
41 59 220 215 444 178 158 384 238 383 138 237 135 30 282 315 80 21 425 252 204 446 412 4 45 325 244 49 494 29 132 9 316 429 261 133 430 246 32 283 373 439 380 335 487 70 89 129 60 21 97 189 163 444 121 205 315 213 334 499 137 115 164 58 11 383 346 443 237 331 155 251 351 290 52 295 420 61 360 267 273 34 133 191 301 378 387 379 0 115 209 72 61 452 470 323 64 37 50 110 
291 478 443 161 321 218 298 183 433 195 209 72 468 203 364 345 349 50 146 142 444 155 459 268 385 301 268 347 106 187 35 309 364 133 351 140 125 224 346 200 338 31 221 217 124 84 315 344 352 19 70 367 419 174 487 30 345 216 44 199 162 185 115 321 2 41 304 73 233 452 311 229 224 159 483 165 345 450 326 91 397 213 371 486 162 190 84 406 418 122 219 166 218 491 459 66 103 279 498 367 
345 103 430 20 25 34 321 333 235 287 393 327 348 124 192 418 300 244 431 86 195 8 253 97 192 121 319 407 71 22 61 491 52 251 23 465 456 480 61 465 23 300 328 235 453 112 182 376 157 289 292 199 276 461 342 131 160 200 138 80 120 45 429 168 141 262 334 133 270 82 0 60 364 141 99 336 165 333 29 327 254 28 319 484 110 168 417 397 125 406 410 463 48 190 469 344 99 143 155 464 
37 58 206 411 414 447 293 129 87 80 85 264 234 76 15 118 384 347 148 47 55 332 281 337 427 396 359 324 299 153 201 341 404 229 215 65 150 32 83 219 296 439 278 238 241 303 6 120 170 349 205 24 78 287 484 129 139 398 473 138 315 2 41 485 63 211 66 327 83 430 65 82 482 331 235 290 312 256 302 448 13 126 497 64 215 293 407 437 418 338 424 70 183 345 328 59 483 221 37 60 
349 423 383 405 347 313 286 484 409 234 0 470 339 157 168 356 485 92 22 233 235 383 327 499 61 90 135 100 479 73 406 385 245 209 336 481 439 199 101 407 195 219 84 427 355 60 133 452 300 103 188 398 375 69 304 490 343 57 357 319 375 149 190 446 298 467 346 9 80 479 481 207 219 138 425 199 270 14 10 355 232 265 118 220 237 264 209 203 44 50 41 301 344 427 141 410 196 324 183 98 
140 131 70 254 35 403 445 109 414 32 417 130 318 432 413 90 461 132 135 17 145 321 318 305 333 221 246 470 288 394 8 227 335 77 175 205 50 142 254 318 390 224 479 365 254 171 22 344 267 9 410 372 52 374 477 197 370 441 267 341 117 468 65 321 155 227 414 283 137 432 49 162 382 35 92 135 430 34 20 228 188 224 134 233 103 125 122 282 260 65 430 264 423 322 486 408 138 131 65 426 
362 63 378 419 351 241 315 76 168 21 98 87 31 239 339 52 330 474 281 242 118 400 200 234 106 180 290 423 399 168 485 134 455 44 444 208 300 219 18 349 447 80 299 448 184 119 132 340 388 270 297 433 140 122 45 40 227 250 82 247 99 50 230 396 304 331 305 51 82 139 267 370 176 143 56 473 116 457 286 366 433 343 172 314 298 471 437 261 309 420 86 327 441 53 323 28 491 97 99 381 
323 310 171 78 493 90 153 234 266 247 113 422 245 474 488 22 377 19 83 466 305 294 146 324 441 89 98 297 66 460 391 73 465 105 306 438 396 18 262 444 226 15 393 323 69 124 218 369 472 170 161 15 325 229 494 37 195 330 49 300 201 294 61 303 492 459 448 206 113 469 139 455 61 151 410 177 76 39 222 2 224 196 349 23 412 223 214 371 308 120 481 156 298 149 145 497 466 443 448 392 
31 204 195 294 450 149 451 81 98 345 175 245 84 433 100 399 67 297 9 441 231 99 398 474 387 259 262 145 229 159 324 267 466 468 427 94 349 296 42 423 396 417 411 368 48 281 333 74 188 384 168 468 425 204 344 421 460 411 422 451 200 342 130 425 430 451 220 198 27 480 405 382 425 114 112 204 192 9 438 5 366 166 171 80 464 41 26 386 435 233 251 224 76 292 159 451 96 27 307 287 
27 420 305 127 337 210 83 303 137 483 341 135 121 277 278 80 434 211 229 353 430 408 230 448 132 141 170 416 63 318 315 484 9 474 241 385 408 460 248 85 278 101 171 5 401 296 172 109 231 487 170 25 184 302 227 246 188 352 197 489 395 398 451 18 373 257 219 373 415 68 383 110 359 125 96 339 83 18 159 18 61 167 103 166 438 226 193 382 376 260 238 57 280 54 78 61 368 21 173 98 
257 258 419 345 401 189 216 456 239 225 125 32 178 421 216 262 287 208 238 30 105 490 299 69 407 253 413 156 285 83 348 93 299 362 106 166 235 219 171 164 99 108 347 14 414 212 7 122 327 492 320 499 398 271 386 192 52 217 24 488 193 89 188 414 296 268 346 358 237 245 68 297 325 147 221 237 143 407 170 49 46 39 252 12 20 431 476 191 25 345 99 416 274 56 177 372 236 8 396 309 
132 358 288 244 4 430 227 149 19 368 174 401 361 255 466 427 313 362 280 318 228 289 213 441 223 296 231 340 231 135 132 82 382 250 144 352 457 101 268 33 273 394 419 26 383 33 282 12 436 325 52 312 24 345 296 202 273 258 305 177 358 111 281 150 70 480 253 327 359 216 297 118 218 277 381 65 152 213 371 176 86 374 242 241 9 97 162 248 242 148 92 36 120 117 229 124 281 138 206 61 
350 47 458 39 405 481 468 414 101 316 294 467 45 167 39 163 100 274 444 499 25 80 217 324 449 86 174 257 185 215 58 275 230 82 211 37 270 462 91 28 161 112 196 376 100 458 171 191 248 122 198 50 258 228 145 242 438 360 473 477 493 195 404 213 32 25 404 295 221 348 168 84 120 91 338 232 119 337 66 432 262 34 331 137 194 102 11 14 142 269 334 47 230 3 41 106 411 297 237 102 
15 63 117 317 499 151 143 38 282 454 387 12 412 422 337 174 91 308 218 351 277 123 352 211 230 89 1 15 487 228 29 421 487 363 327 488 477 214 346 475 82 331 339 119 169 147 362 406 60 252 405 61 220 380 441 50 339 238 124 451 5 440 489 125 482 104 153 380 430 111 106 58 287 51 327 430 122 247 407 296 214 205 449 406 310 15 435 88 285 334 413 23 476 463 177 226 422 207 29 266 
127 425 400 248 475 30 257 413 96 16 92 405 251 307 230 203 47 452 255 184 35 94 146 290 36 47 5 107 278 458 281 246 299 422 92 413 308 52 41 291 76 424 157 208 446 458 132 263 127 331 441 179 137 100 137 409 250 154 40 97 327 479 46 139 338 81 398 292 221 197 293 313 206 429 193 351 316 194 238 488 175 471 421 480 183 466 99 256 109 466 168 359 395 184 428 94 332 366 458 266 
463 413 431 286 360 166 449 122 260 383 173 466 206 446 474 208 346 170 320 266 69 378 427 38 384 359 267 478 30 421 191 390 93 444 309 7 40 23 222 147 150 225 262 382 469 240 1 355 305 26 287 363 479 466 478 345 209 386 406 220 143 106 442 361 483 438 317 295 209 299 497 295 242 252 367 140 103 355 255 52 356 445 262 497 150 289 65 205 127 447 427 3 276 265 175 246 281 303 315 263 
260 316 81 277 33 328 284 203 444 476 374 108 35 402 435 441 286 393 320 414 444 357 412 304 496 191 206 326 216 83 133 11 476 305 165 206 98 418 119 291 24 467 350 434 495 475 75 194 287 465 262 139 8 460 182 86 495 122 435 448 59 119 138 466 373 250 60 341 93 48 406 418 268 212 65 119 127 71 114 42 250 249 228 261 477 236 25 106 465 283 453 405 126 153 165 45 127 280 431 380 
183 347 223 81 63 44 249 426 440 162 291 29 198 98 478 227 325 460 269 180 223 347 402 165 82 423 55 187 307 309 330 91 111 44 344 75 189 205 256 224 217 356 48 260 280 150 88 466 67 278 173 343 48 432 76 263 98 335 116 357 480 166 161 491 433 429 85 250 391 193 288 288 286 57 59 327 410 226 290 241 264 166 74 192 148 412 392 216 158 327 159 42 339 163 448 396 250 396 196 178 
108 486 437 303 323 1 41 345 130 94 400 493 54 394 204 42 124 69 81 143 327 201 2 23 38 61 334 101 205 400 232 456 136 210 417 93 477 292 410 490 408 275 389 69 391 139 335 306 39 173 69 73 444 327 195 336 395 102 316 7 22 264 448 8 272 8 290 157 47 331 86 196 406 467 314 190 467 105 11 383 153 439 326 442 429 440 27 40 386 443 47 153 470 110 105 209 471 471 242 332 
342 420 225 381 218 88 351 252 357 365 475 430 351 102 250 288 247 72 290 219 217 493 260 256 92 193 199 32 349 373 343 433 444 356 486 25 364 0 332 22 145 53 209 395 247 8 319 134 136 123 244 482 490 375 46 439 48 65 462 168 219 469 482 113 287 340 266 133 290 321 136 177 495 406 463 249 120 56 133 66 455 57 421 461 1 160 416 163 238 378 397 334 88 499 470 199 115 366 465 232 
374 78 337 300 348 493 458 257 171 58 182 117 65 206 320 312 204 102 197 136 143 116 478 306 124 115 473 160 178 336 219 108 188 282 321 116 223 212 186 170 266 42 268 458 376 162 446 481 253 204 338 97 322 95 411 115 387 221 237 104 78 140 364 66 194 431 365 256 184 65 106 265 0 484 389 402 411 457 307 407 227 186 443 35 112 231 177 49 206 401 435 46 459 76 311 208 90 164 97 225 
107 383 415 377 94 380 355 168 434 383 111 316 403 448 200 41 160 273 223 189 32 223 287 178 239 3 137 390 463 177 301 203 413 330 314 99 498 103 98 117 290 368 374 192 448 106 184 348 426 67 235 407 477 471 205 30 420 345 458 259 98 42 308 277 66 133 5 278 290 311 440 17 402 369 43 348 226 260 57 363 146 490 168 26 386 110 149 339 313 162 358 220 437 315 375 372 376 390 429 55 
10 77 284 275 435 476 340 48 29 190 133 367 137 323 445 3 494 86 234 452 275 41 425 201 355 304 378 391 433 260 225 326 125 190 189 207 435 347 219 383 114 428 313 48 26 140 227 209 466 65 465 387 473 476 250 153 453 229 9 343 100 271 111 278 263 188 68 2 460 468 373 166 360 418 385 1 485 119 446 113 196 389 394 304 119 219 127 88 461 295 152 143 90 247 465 124 284 25 453 292 
110 197 497 305 112 356 256 230 231 34 1 171 438 156 265 236 469 424 386 472 302 152 471 80 425 380 208 99 137 367 228 312 331 184 293 158 140 387 188 77 59 459 30 130 176 140 138 391 360 276 60 94 328 437 53 385 139 427 228 196 304 368 396 475 313 183 391 148 146 333 59 127 273 101 207 495 52 335 460 152 171 95 220 273 88 467 375 163 112 474 149 430 128 395 83 333 127 45 0 485 
490 272 138 271 293 196 373 61 408 216 300 239 327 497 372 78 289 272 193 158 499 478 366 110 142 495 67 77 354 454 492 102 226 494 45 374 48 383 444 381 475 170 347 318 98 467 94 72 67 138 491 289 268 460 12 300 312 434 177 75 117 390 47 490 340 205 484 143 314 64 0 298 182 375 370 423 498 51 364 177 23 260 264 117 467 270 419 355 297 227 165 300 388 469 313 398 244 359 350 456 
105 310 428 413 420 382 32 266 387 131 464 1 380 85 202 73 153 94 227 388 454 302 366 168 147 371 137 133 312 362 320 101 55 185 86 117 241 263 148 432 167 453 146 213 94 207 75 266 229 482 8 302 494 71 6 198 455 144 444 224 278 101 31 240 303 425 28 59 89 270 349 412 288 63 400 41 14 5 44 211 375 284 106 258 397 394 159 123 415 96 322 258 373 376 396 206 105 295 387 143 
141 139 388 339 277 372 252 396 182 271 85 29 84 447 368 439 499 115 22 242 212 207 131 348 454 471 490 209 458 425 227 368 464 55 405 289 207 355 396 323 341 49 134 284 426 286 111 322 369 258 411 300 304 485 3 362 108 422 40 401 437 12 347 419 91 148 160 405 425 90 330 281 388 295 138 411 484 147 155 371 2 100 261 217 465 39 1 423 315 409 53 2 431 85 89 307 444 35 264 312 
127 484 255 95 385 449 238 255 415 241 56 109 19 327 362 248 279 343 231 251 251 96 498 479 138 306 491 301 413 281 451 469 286 277 142 41 355 435 158 299 461 380 374 84 38 113 156 93 373 171 31 252 253 399 123 100 36 100 366 192 46 164 303 281 452 309 433 222 482 89 242 204 369 440 136 65 305 112 172 326 455 125 210 156 388 146 368 114 413 296 226 65 85 181 329 256 188 216 338 498 
415 499 222 233 468 129 143 416 28 161 290 424 241 447 347 219 81 382 489 105 403 249 390 491 168 45 317 345 167 270 38 486 425 202 182 95 128 255 396 220 341 313 46 278 27 403 224 186 486 365 397 368 116 218 344 104 163 379 15 372 343 307 217 326 17 180 57 369 36 458 200 122 274 335 328 414 458 399 427 92 421 340 89 36 43 493 146 21 328 94 218 302 443 496 27 217 85 403 172 276 
185 211 66 254 354 442 143 0 150 366 209 34 398 0 182 416 185 193 253 424 121 248 111 275 43 103 123 116 223 285 203 212 117 84 469 307 466 104 84 381 65 372 130 60 87 215 445 493 121 342 465 249 158 148 266 70 496 193 203 467 183 460 214 444 415 214 424 461 225 200 167 272 249 317 218 313 358 379 469 86 475 224 246 187 17 282 71 340 1 235 125 273 447 6 388 417 243 338 184 457 
139 94 260 31 253 165 237 390 471 27 497 460 184 491 99 491 440 390 106 413 498 223 290 62 125 221 495 446 78 254 201 23 413 98 46 187 478 212 418 482 184 214 356 19 458 127 230 401 326 392 266 24 44 255 102 119 288 384 421 256 135 168 199 410 213 8 135 415 62 354 302 234 115 410 263 74 92 484 381 448 40 424 301 281 202 293 396 20 401 455 479 478 14 7 173 199 66 68 485 24 
264 87 129 118 111 102 322 42 187 442 497 188 372 338 113 433 348 331 50 96 159 109 29 117 324 406 321 189 225 238 409 469 381 239 107 129 413 154 185 50 393 249 294 202 8 434 227 172 207 496 442 472 150 8 319 121 483 227 73 205 144 158 375 144 491 434 252 483 224 486 463 331 401 253 455 326 96 228 251 61 10 480 153 27 391 491 252 309 226 269 134 363 130 221 167 49 17 165 11 225 
408 162 50 24 215 99 170 455 211 221 180 37 69 307 35 166 92 382 49 106 94 324 444 70 259 33 456 93 391 22 105 387 257 498 28 446 420 297 129 474 89 359 364 479 472 369 408 317 163 222 318 183 177 320 178 454 464 347 303 324 126 163 491 292 492 454 30 249 375 425 493 291 162 271 37 140 388 354 363 467 136 461 19 13 106 285 250 204 140 472 353 465 45 306 126 57 296 46 380 296 
