167 111 440 76 55 121 110 301 214 166 135 407 286 414 7 363 404 400 375 375 393 76 430 159 23 168 339 403 161 479 477 288 144 330 242 157 129 214 261 344 411 401 244 421 499 437 25 150 308 126 259 452 28 343 27 157 444 428 95 282 331 205 14 258 207 226 185 496 267 341 138 458 240 456 156 299 196 8 314 374 327 113 351 179 262 401 61 453 26 91 149 400 71 127 126 118 240 447 53 325 
464 243 445 294 277 473 238 432 128 111 420 22 117 390 421 67 20 96 414 172 464 64 470 46 440 453 419 441 135 436 438 167 108 374 469 145 302 126 60 5 468 142 5 27 341 315 311 385 457 493 280 5 231 357 29 32 462 303 347 481 133 7 364 34 284 443 120 175 248 221 228 457 54 481 390 461 243 386 66 156 354 373 48 125 342 41 0 193 89 317 291 362 481 267 394 499 39 303 192 223 
18 96 283 253 185 260 211 267 379 357 466 233 453 498 191 307 161 20 361 389 166 47 446 152 8 460 61 390 277 56 102 270 364 257 72 380 53 487 491 333 81 158 294 420 392 46 262 468 328 299 293 470 0 298 166 253 85 359 134 58 171 256 81 203 351 206 377 119 315 459 144 153 30 476 72 116 306 175 476 200 28 480 444 377 95 52 385 16 396 138 150 380 480 438 55 51 50 345 16 237 
286 382 396 124 414 402 322 441 188 31 163 466 292 464 270 9 80 278 161 195 437 2 352 24 232 49 262 214 149 144 10 331 210 450 400 93 267 290 305 308 225 169 241 139 429 19 158 87 82 125 471 382 249 255 251 377 80 59 332 303 344 366 419 449 296 69 392 470 135 395 17 153 337 397 280 266 21 246 38 58 85 491 78 383 415 302 94 155 103 347 474 34 412 447 3 234 107 329 496 147 
409 37 190 204 69 239 205 268 270 307 36 192 38 190 165 371 367 377 366 331 345 45 327 264 172 83 26 283 207 68 419 353 26 100 327 407 392 131 59 436 384 236 53 481 352 53 267 165 278 318 55 169 10 197 342 25 489 338 255 287 321 308 258 491 197 68 402 41 10 261 472 275 149 359 457 246 331 56 41 254 167 487 385 384 231 99 126 220 38 108 195 159 332 284 230 143 482 25 121 136 
483 265 226 125 399 410 387 27 172 462 264 237 366 154 315 325 67 495 105 198 343 121 86 103 88 484 168 454 449 119 465 248 140 495 494 269 9 112 185 191 338 413 61 420 484 150 79 255 275 345 393 142 400 438 172 78 330 272 31 55 15 366 114 191 396 251 228 131 436 360 497 95 417 336 183 215 208 102 71 303 269 57 154 181 322 485 433 372 260 300 358 443 139 79 287 66 400 85 108 241 
411 80 404 350 425 71 32 175 234 312 300 317 396 256 210 315 264 487 84 226 477 400 344 493 57 168 174 4 494 193 326 104 14 63 490 397 307 442 62 28 142 71 134 168 193 280 464 487 194 1 78 208 38 352 38 251 86 415 429 386 148 292 33 31 334 433 343 164 238 453 415 141 485 307 52 20 130 186 243 477 321 217 139 373 165 456 108 173 353 126 249 391 294 276 430 76 270 378 54 334 
251 129 284 291 162 48 200 63 102 479 424 242 4 357 459 338 273 388 342 88 30 479 30 485 58 259 373 131 302 454 416 419 376 136 284 357 386 118 492 6 433 109 307 414 111 275 234 438 438 77 112 232 334 248 440 88 462 67 302 497 454 13 30 152 3 395 349 432 412 441 81 52 108 50 276 461 287 125 128 70 201 201 213 248 24 43 382 485 222 478 313 114 295 43 157 325 252 275 333 212 
272 310 123 494 74 148 334 329 23 158 76 422 225 317 258 153 476 499 497 412 248 251 121 365 204 61 372 485 402 358 178 68 114 43 474 315 439 41 143 37 355 225 251 169 406 270 284 138 75 423 393 164 114 93 491 470 373 485 446 437 197 446 405 476 327 329 297 89 7 276 409 43 132 12 61 11 33 314 372 36 480 421 486 62 51 430 380 363 39 264 154 45 237 285 233 126 146 457 190 380 
207 385 265 215 209 498 150 442 89 191 265 86 467 160 124 413 24 133 93 310 249 215 45 428 390 341 193 307 83 9 287 45 234 348 195 258 326 67 165 207 22 356 90 401 88 176 159 354 388 290 25 23 327 448 367 498 381 24 436 222 231 207 193 428 409 361 34 124 195 131 492 349 137 444 290 269 208 337 446 8 195 473 455 355 214 481 372 388 398 232 271 208 493 333 479 200 479 336 240 296 
145 470 17 198 469 77 466 349 466 75 346 256 157 166 50 29 89 356 316 58 55 76 55 52 281 469 27 254 388 133 423 7 47 428 329 270 250 90 338 478 351 191 187 306 183 105 63 178 480 219 422 491 166 348 333 104 88 98 379 41 8 96 12 92 282 218 324 482 68 267 442 131 394 279 33 85 108 242 134 378 460 313 455 392 166 324 472 196 253 231 389 270 372 249 323 28 344 346 98 166 
244 340 237 157 135 72 219 350 197 442 255 308 144 214 379 292 492 460 455 497 88 18 107 441 243 368 291 467 7 421 482 481 61 61 37 347 498 366 319 308 141 87 37 21 192 61 394 212 203 232 421 119 22 170 89 41 10 142 474 432 87 420 81 111 392 58 4 98 380 254 371 264 328 474 482 48 113 96 472 231 323 28 363 45 257 195 165 118 255 241 278 124 478 113 467 230 108 247 423 250 
60 230 420 241 38 152 440 490 421 426 320 150 304 452 89 168 80 5 93 478 260 323 0 346 122 374 216 335 9 456 466 246 326 88 14 324 248 115 348 159 214 188 384 365 491 93 99 19 316 76 443 446 197 454 288 114 271 173 140 381 19 498 156 206 243 451 437 353 165 41 334 202 400 152 342 223 459 485 208 39 71 180 213 377 468 224 142 282 183 12 55 414 63 363 139 392 258 42 208 423 
85 356 73 211 430 387 111 401 408 345 121 76 28 225 444 144 139 131 485 144 4 62 244 470 188 296 409 201 327 419 352 190 304 170 399 419 32 329 379 294 39 410 163 81 451 184 143 150 166 393 291 136 117 290 264 342 406 490 351 212 450 237 362 68 11 74 494 198 282 210 301 127 407 94 276 218 113 127 56 85 467 477 454 299 255 462 407 150 390 83 201 370 440 216 499 222 90 108 395 327 
69 167 38 111 300 263 488 489 365 423 429 361 160 495 187 385 157 245 165 465 7 433 83 266 188 175 266 151 351 295 62 227 20 94 487 251 167 263 485 103 103 345 15 488 20 347 358 249 179 335 337 188 53 111 472 430 363 0 130 301 304 341 3 458 379 25 46 307 383 392 301 111 304 423 34 423 484 77 186 423 150 64 193 474 217 404 465 230 212 211 62 180 348 165 381 255 167 54 315 62 
252 429 94 2 451 327 210 224 451 481 13 313 48 328 199 236 186 50 279 16 259 86 307 89 80 403 482 226 483 111 436 361 275 66 138 411 376 56 271 131 481 35 297 264 327 355 364 213 4 0 211 433 108 310 309 48 290 176 172 388 203 491 284 267 110 247 61 72 188 173 412 16 62 235 119 463 55 206 432 366 447 154 256 344 140 131 16 172 433 14 476 433 16 53 470 173 348 132 113 201 
74 112 334 165 379 185 143 36 39 271 382 179 452 164 185 14 82 129 148 297 386 470 270 120 189 223 75 422 38 61 429 83 266 100 241 233 275 313 457 251 471 311 432 195 382 94 461 318 171 449 392 17 495 240 49 458 498 292 451 223 126 90 496 214 41 465 37 322 290 192 232 249 15 151 300 447 298 260 133 302 221 369 137 18 495 309 163 290 67 384 185 467 251 259 423 425 485 403 434 97 
393 108 493 114 220 445 175 258 151 158 333 154 94 467 347 208 50 303 78 137 297 187 335 143 214 324 438 29 233 406 343 245 211 335 421 301 373 415 17 245 125 233 117 471 230 417 186 20 289 336 151 122 399 257 495 459 277 185 121 137 262 66 145 478 68 91 277 139 342 183 290 475 296 215 393 489 343 229 286 177 499 234 90 82 166 214 230 182 366 299 439 342 294 307 28 266 485 46 216 167 
308 403 121 149 401 445 420 83 231 241 318 428 128 43 222 225 165 278 72 337 333 264 213 340 164 153 380 367 141 350 241 262 494 326 484 382 443 52 79 38 429 395 156 9 321 253 497 130 8 466 325 471 224 433 152 2 216 460 325 29 376 105 475 243 204 35 281 388 246 342 371 45 394 462 442 251 185 342 481 54 155 196 261 157 481 303 46 340 375 149 259 97 495 126 431 303 482 216 421 364 
135 341 413 437 17 46 57 171 452 197 327 160 75 417 191 258 8 424 75 240 108 238 277 367 229 445 473 42 257 384 280 304 93 19 448 185 74 83 116 380 318 226 111 485 83 446 128 127 403 494 41 259 195 349 284 426 202 42 317 199 464 387 41 456 300 334 335 170 350 341 205 211 140 249 493 472 3 429 320 408 124 424 94 100 229 432 348 154 2 345 67 191 352 405 322 359 61 189 285 412 
475 188 214 324 201 338 484 242 276 312 287 268 163 378 276 368 77 237 345 456 414 34 178 37 480 450 241 78 447 203 131 106 359 324 236 366 18 245 253 251 313 441 284 168 330 163 477 82 419 414 82 224 113 469 495 202 452 134 191 165 118 446 93 53 454 281 331 241 194 438 53 398 410 194 37 55 439 377 477 92 284 145 177 410 204 494 446 253 452 402 264 231 234 469 475 228 291 423 331 182 
101 101 290 492 104 314 272 437 461 27 374 230 207 209 444 221 254 365 383 203 173 296 55 180 116 4 468 16 214 215 72 141 235 402 420 212 313 377 490 44 65 337 187 433 36 254 436 157 223 126 206 167 154 389 434 369 475 267 154 172 75 451 357 129 57 190 93 147 432 23 391 430 309 247 287 45 200 224 245 475 303 466 238 438 479 426 235 482 256 190 427 129 343 260 495 415 418 27 39 24 
430 260 447 407 220 413 131 49 134 431 126 187 43 55 389 216 9 409 299 226 294 385 340 423 225 335 298 23 134 426 344 480 129 428 329 44 247 440 99 338 122 215 413 364 490 50 185 72 219 480 166 66 389 217 297 33 45 234 278 303 414 152 246 58 356 163 287 469 236 414 387 443 492 88 368 103 316 20 43 487 325 341 416 221 233 496 321 79 136 351 487 98 465 148 69 175 252 469 195 29 
494 372 78 73 117 90 28 219 426 16 462 80 392 30 132 240 251 447 58 322 409 141 176 234 351 305 27 155 267 450 274 401 257 299 145 40 412 93 165 125 347 341 100 416 491 182 332 159 222 351 38 162 320 195 139 136 333 37 182 497 399 274 175 248 458 393 377 331 409 337 287 452 339 445 195 126 78 496 302 269 158 94 342 407 406 367 134 447 134 399 452 306 224 441 324 295 152 340 484 342 
113 395 405 393 322 27 145 55 314 310 103 422 0 354 10 271 209 144 390 372 138 430 175 129 361 52 111 217 127 270 494 343 375 133 0 360 377 467 392 187 10 219 262 460 347 217 362 345 356 114 406 102 390 156 8 119 206 37 201 55 64 497 93 7 360 324 93 360 12 164 72 377 218 223 9 280 263 25 409 391 48 161 188 122 128 280 494 103 3 162 226 301 374 351 315 189 6 1 134 353 
233 164 407 158 302 118 146 41 437 65 248 45 499 269 438 439 291 490 31 50 5 21 54 6 93 78 50 74 103 63 347 397 370 494 235 201 207 68 411 421 20 305 60 389 0 22 133 86 204 154 133 68 79 312 325 246 222 137 108 297 178 45 462 497 18 167 250 51 420 33 42 356 360 196 446 104 155 68 485 119 161 392 473 208 333 294 146 87 151 240 81 396 144 245 173 492 433 373 30 195 
242 342 284 111 197 176 97 284 345 156 442 349 381 5 271 90 491 94 131 418 7 11 255 51 384 58 449 204 496 289 276 494 479 385 116 134 468 92 88 161 297 364 224 149 244 275 439 316 18 406 126 122 71 58 229 47 166 15 226 249 354 39 39 216 325 423 256 236 304 312 78 411 480 105 250 378 59 167 437 319 225 253 483 333 21 205 26 112 231 446 176 0 280 196 261 0 212 245 422 449 
498 348 384 45 244 392 446 421 329 361 380 482 237 491 256 15 32 224 219 381 470 10 243 389 472 314 464 162 150 41 303 367 269 233 174 287 183 67 238 453 487 58 5 54 453 112 72 121 136 103 304 363 479 467 70 335 328 166 61 427 197 301 127 31 33 409 468 430 469 272 290 443 391 332 168 430 317 368 454 127 98 279 129 205 238 409 111 51 172 473 316 391 489 111 54 120 134 341 174 246 
84 317 272 79 331 13 41 176 389 415 3 264 73 438 125 232 236 261 212 4 254 134 417 325 168 393 283 224 309 138 319 110 58 8 319 108 254 412 488 269 470 169 483 92 450 181 381 408 40 45 66 455 24 68 331 338 264 130 251 299 25 158 17 75 231 284 338 302 73 252 420 20 207 487 466 393 239 325 338 68 263 350 28 419 322 145 452 286 8 173 95 254 142 478 266 28 485 185 438 190 
127 243 442 453 257 447 223 5 418 204 322 492 291 364 264 205 450 376 290 324 17 440 489 57 485 355 222 338 250 46 267 92 148 76 439 466 390 302 300 256 123 32 245 334 398 376 100 377 106 328 442 88 414 482 77 431 37 28 323 476 69 305 173 84 333 355 252 92 120 101 475 35 184 307 141 383 60 468 441 22 485 483 392 283 403 343 9 161 442 452 464 323 459 497 43 264 37 436 8 314 
75 490 229 485 363 175 196 342 403 362 123 288 372 36 475 93 1 239 435 18 309 265 88 399 282 222 198 27 80 123 254 178 389 183 350 276 79 31 184 84 29 304 486 45 318 131 185 305 230 450 209 31 405 86 296 131 449 181 499 287 406 168 121 212 280 491 325 329 181 487 495 92 386 448 142 218 231 396 60 348 232 52 453 323 194 251 272 88 213 440 40 180 192 307 166 49 8 325 380 362 
248 67 141 252 232 473 170 494 483 140 101 57 155 490 27 203 300 44 124 477 304 60 385 208 273 224 225 229 143 163 277 151 484 83 488 128 105 158 119 79 143 189 88 445 226 306 65 75 276 465 275 219 65 41 372 320 146 51 326 431 303 312 481 156 58 491 323 157 120 385 345 473 170 284 456 396 217 377 130 330 137 230 3 33 384 412 35 263 1 405 312 12 415 216 460 199 260 231 481 183 
170 133 368 433 220 381 31 165 212 376 325 117 292 3 274 352 426 299 220 302 496 348 453 431 452 347 150 327 152 459 455 457 494 178 16 471 414 153 451 220 340 341 223 179 343 164 105 480 470 163 433 0 143 429 63 93 233 9 294 374 150 279 321 104 340 396 84 426 227 218 13 135 40 146 400 177 93 309 168 164 36 65 491 171 452 109 383 6 50 410 301 432 365 279 79 155 36 263 105 91 
135 450 133 387 296 261 436 402 463 250 486 488 225 128 409 155 61 98 237 389 347 18 119 387 373 496 312 319 455 319 79 353 7 399 43 99 173 224 110 99 111 248 169 213 448 307 477 49 338 326 337 30 41 437 200 144 142 412 189 176 48 241 314 89 406 67 167 65 278 170 11 304 120 9 283 7 161 196 217 277 41 400 246 198 163 335 428 138 337 228 303 445 276 463 50 162 56 437 244 221 
495 299 124 76 466 263 409 177 133 414 354 214 128 143 417 229 485 213 227 54 49 129 328 22 213 58 66 33 378 209 403 108 56 410 42 267 358 112 51 172 175 449 420 333 482 365 386 170 164 437 256 375 30 245 328 177 177 199 76 150 451 30 124 209 202 405 260 486 395 450 333 116 179 121 147 57 148 321 77 442 95 404 412 335 497 390 221 351 332 316 330 448 87 498 239 418 288 247 41 97 
105 79 230 236 313 314 270 139 133 215 34 105 255 147 95 230 93 395 273 95 384 283 85 460 222 460 271 496 179 0 152 23 213 289 71 436 58 280 263 86 337 3 152 394 162 28 173 309 86 4 410 166 355 462 29 169 489 408 26 349 282 60 98 177 369 47 341 297 205 67 100 163 124 285 217 417 186 477 18 416 244 444 406 431 41 123 389 388 215 122 462 57 121 156 387 31 388 341 106 235 
359 127 494 194 287 181 363 191 166 253 5 150 228 125 389 392 316 328 131 184 121 295 392 340 460 114 495 44 311 71 54 341 398 404 393 490 9 491 115 140 327 252 479 100 393 242 109 497 370 243 185 382 158 101 52 289 144 327 134 236 308 85 31 152 16 283 248 388 439 0 313 59 168 129 56 413 256 99 201 299 166 363 24 365 402 129 458 440 96 19 55 116 474 19 195 272 253 370 249 283 
152 438 488 189 465 178 320 262 28 288 384 258 249 16 52 238 393 23 49 202 248 283 212 484 138 117 95 248 156 214 318 60 152 486 222 105 111 290 359 307 349 349 303 9 206 398 480 165 368 36 118 123 113 41 291 163 18 179 131 36 85 392 384 162 335 41 249 96 236 385 496 35 19 235 150 61 169 233 186 101 454 206 78 158 246 15 253 234 265 149 127 465 212 78 111 254 98 249 158 53 
55 19 293 386 71 416 273 61 350 149 352 223 475 219 191 440 283 59 61 336 220 224 455 271 21 14 398 292 192 404 157 277 125 312 80 397 392 277 139 102 238 302 131 34 416 45 377 436 405 59 113 98 389 10 142 97 41 75 419 59 369 316 341 244 480 253 158 324 102 491 69 380 168 448 179 27 492 70 374 327 299 302 343 172 239 404 70 228 112 164 276 291 5 479 392 33 267 88 294 250 
482 336 4 230 217 444 352 217 275 357 72 164 37 372 424 269 362 179 237 87 348 323 382 286 173 332 376 401 178 6 66 212 275 382 2 432 343 244 313 145 338 25 216 140 200 184 32 322 351 125 263 7 215 155 117 93 141 67 482 11 182 419 480 74 81 375 11 407 480 333 159 179 143 304 170 87 410 256 275 90 153 484 390 227 452 328 329 291 335 288 482 400 362 180 318 455 269 281 297 411 
176 368 27 102 353 209 150 280 374 435 337 321 216 175 209 360 380 146 369 14 381 118 304 11 274 167 326 499 62 10 278 447 253 495 250 331 17 168 28 99 105 401 65 57 113 137 199 194 94 441 131 118 62 95 227 429 91 94 24 375 148 228 496 88 349 36 439 1 153 361 259 102 397 434 384 92 378 456 193 156 270 181 169 20 359 470 421 182 260 272 170 275 144 10 341 82 144 70 437 5 
240 380 152 214 353 147 114 246 210 235 411 47 360 398 348 392 178 480 368 133 309 112 486 182 93 416 325 84 164 312 323 62 347 69 439 274 157 214 419 132 230 490 157 378 129 189 464 429 358 75 209 322 311 360 470 33 235 490 82 390 179 312 414 113 40 221 168 292 2 412 359 118 260 489 122 230 188 52 120 119 160 120 435 467 113 55 352 395 434 420 363 437 304 181 30 389 49 342 275 384 
195 117 33 363 315 180 120 394 389 248 122 208 10 231 196 117 411 141 333 21 55 182 271 69 468 363 495 415 298 121 315 111 53 270 315 283 36 495 313 267 433 406 8 462 295 241 454 271 177 322 116 491 353 396 31 37 338 438 333 239 102 499 466 369 202 141 7 320 25 46 254 189 295 252 91 173 331 160 63 63 196 206 179 104 13 202 23 234 234 14 375 128 241 362 486 33 84 140 186 203 
84 197 115 103 299 80 151 158 327 486 493 37 331 197 196 256 414 421 443 423 448 67 119 447 155 280 292 316 183 201 163 155 173 261 383 397 10 12 239 24 222 429 68 110 455 299 116 296 364 319 374 313 353 405 367 279 480 107 383 337 329 130 24 222 411 460 472 296 375 42 109 136 80 383 2 106 19 348 355 132 63 417 21 484 168 400 391 269 281 309 185 393 96 294 283 404 382 307 144 236 
314 457 51 114 430 490 125 24 287 244 101 463 444 148 441 423 86 292 433 49 14 405 436 151 403 161 497 298 98 495 16 24 132 412 290 369 495 308 355 469 67 292 9 442 98 194 344 490 181 386 272 41 365 58 498 420 447 262 190 220 464 394 92 109 372 129 90 106 123 412 494 220 480 286 473 85 45 421 258 490 39 84 387 464 184 418 349 220 3 35 158 277 347 130 228 79 158 427 219 284 
394 22 235 198 421 195 387 127 466 443 369 99 56 356 263 20 246 116 125 370 159 407 397 370 311 6 399 465 158 458 377 352 49 146 353 498 134 248 152 328 271 22 211 132 207 268 388 206 488 196 12 171 279 210 442 386 44 77 202 403 389 206 303 122 255 168 246 53 140 344 172 473 231 205 174 314 475 258 254 41 77 222 384 294 40 72 30 274 199 313 122 206 374 487 206 321 109 260 464 6 
38 374 282 406 379 452 300 277 463 288 52 70 37 170 167 284 161 490 401 469 124 433 189 58 450 486 334 273 134 6 376 375 436 136 360 190 341 439 217 60 8 192 248 360 392 232 475 128 479 22 299 200 57 337 395 50 264 413 99 291 318 206 238 45 59 489 16 218 240 58 175 39 32 365 40 236 59 353 205 187 301 329 204 487 436 409 282 451 276 117 488 15 5 144 194 118 138 392 367 333 
93 185 309 339 302 339 365 82 381 387 444 460 283 135 331 337 392 481 44 133 490 10 387 268 308 321 204 298 217 335 229 244 111 108 338 384 59 174 163 1 167 175 98 125 125 33 401 283 218 333 462 142 223 105 22 471 194 379 151 160 420 477 458 342 434 367 407 41 426 65 377 425 115 274 225 227 108 409 371 416 132 265 472 437 334 476 54 300 363 20 272 261 148 6 109 116 130 450 440 355 
267 239 153 275 355 186 238 492 287 289 430 85 52 454 94 76 495 301 379 185 408 86 119 225 112 210 11 274 196 61 321 473 63 285 405 263 479 133 133 248 262 491 277 393 54 94 236 64 191 355 433 85 116 175 204 119 105 209 229 83 287 353 249 452 300 164 54 356 469 49 98 34 214 437 343 469 409 330 157 44 181 209 83 14 471 25 319 151 425 224 329 68 23 460 277 256 280 364 220 315 
275 320 368 227 133 378 295 1 317 255 239 33 73 305 6 477 350 434 411 403 223 305 79 276 453 431 382 256 115 9 295 424 4 45 69 147 58 398 306 164 406 443 248 222 483 414 42 1 324 341 50 164 420 337 289 280 284 335 86 428 496 252 174 454 193 307 211 217 298 180 284 426 197 152 304 444 376 140 107 407 429 169 422 297 254 269 465 443 384 418 105 461 123 147 223 5 73 104 159 73 
15 474 141 280 477 120 113 170 259 419 49 270 326 24 67 371 40 415 156 350 122 146 205 379 8 279 40 166 36 451 129 188 144 163 488 206 122 37 70 49 149 287 488 191 137 29 147 333 102 192 110 449 221 198 72 149 280 101 498 49 171 276 224 210 434 391 247 243 472 74 118 333 445 344 11 329 149 488 209 497 345 277 79 103 369 202 212 380 270 395 436 57 456 491 402 426 212 206 36 224 
332 350 90 449 287 290 479 65 107 385 116 391 252 285 87 41 183 269 283 52 462 279 468 83 374 456 5 301 82 185 212 201 398 167 206 234 395 157 220 339 153 456 425 148 315 323 357 210 474 425 297 320 80 432 404 346 26 15 230 402 192 306 135 17 292 76 38 395 302 77 66 346 122 154 472 308 106 405 118 119 178 481 388 248 429 170 62 287 214 460 393 474 271 78 169 76 68 77 277 317 
83 478 85 307 278 109 53 50 242 338 102 495 231 393 39 5 125 104 28 406 397 32 429 169 90 109 413 3 473 386 469 255 359 193 80 465 314 170 11 463 419 30 277 395 194 101 389 435 290 448 90 458 267 185 128 10 233 108 204 214 451 435 44 142 60 312 128 357 349 170 80 42 339 489 347 130 90 261 395 289 434 245 78 223 373 360 164 429 97 345 382 184 339 68 287 281 468 333 273 274 
199 387 110 424 324 19 20 37 104 478 169 460 304 371 19 6 30 446 334 36 353 462 255 378 168 418 102 386 335 10 295 33 73 50 74 117 433 292 239 440 114 338 443 479 461 34 212 403 142 9 18 272 485 161 135 248 131 259 280 306 27 273 210 474 410 372 64 72 75 312 185 258 430 378 264 287 311 79 158 497 114 139 252 28 326 480 70 108 150 120 199 339 458 308 73 460 42 244 24 113 
200 415 42 364 252 83 373 464 272 340 397 165 241 67 156 365 447 54 147 461 44 246 389 117 83 209 141 379 230 77 285 205 306 269 230 189 11 419 291 497 72 94 436 75 247 312 5 418 268 83 387 401 286 291 199 447 403 327 175 144 197 161 264 256 469 143 404 458 299 304 496 246 18 109 21 150 321 272 160 29 254 135 314 245 318 165 133 46 265 418 169 459 59 71 33 9 39 367 494 346 
136 100 284 284 462 58 166 70 310 130 101 414 411 109 224 100 6 222 315 2 257 34 355 248 129 295 248 153 450 143 358 394 470 157 305 19 32 407 356 308 222 482 428 466 62 203 112 99 149 304 452 346 352 95 239 261 146 305 221 247 410 197 165 94 410 269 361 266 205 494 79 128 29 408 396 449 104 480 16 397 432 162 409 446 492 317 291 277 278 21 79 28 437 431 283 265 296 450 342 250 
232 449 23 13 96 168 311 498 447 337 402 443 45 68 135 383 7 284 220 22 121 347 376 104 401 3 351 447 90 195 290 371 177 42 452 44 250 274 399 230 310 268 47 172 31 205 464 341 197 144 6 356 468 367 478 490 410 443 479 474 222 144 65 132 417 68 293 252 248 186 241 329 29 66 195 313 167 475 352 143 477 413 97 57 38 417 410 343 418 342 9 3 47 225 453 213 370 458 247 498 
236 312 1 421 413 159 289 386 388 29 341 326 307 404 177 262 444 477 280 494 427 195 58 113 350 278 321 167 39 478 18 130 329 277 499 9 385 4 315 130 58 431 393 262 191 27 433 66 260 316 351 148 480 224 210 10 306 127 388 490 429 419 278 55 332 419 406 267 378 459 259 345 237 497 21 497 446 295 326 386 492 344 205 416 434 88 52 354 323 44 31 13 130 245 203 133 411 27 284 244 
402 181 42 393 378 224 429 222 163 53 248 133 304 494 76 51 456 475 410 366 201 17 210 281 309 180 240 358 265 374 275 163 283 391 392 316 164 322 369 263 50 207 363 237 90 111 89 212 490 441 110 22 473 251 273 173 143 84 270 135 182 178 412 352 389 444 469 22 404 488 249 125 56 35 107 190 336 289 416 200 96 338 449 321 26 396 187 50 154 381 445 203 415 109 78 85 398 259 472 372 
368 99 96 183 208 376 347 473 294 38 384 491 75 387 495 288 480 321 273 72 377 328 421 87 143 86 315 272 268 322 339 53 26 245 292 222 114 170 493 90 106 385 211 164 306 370 52 470 384 379 472 378 189 279 90 38 242 440 209 465 34 484 472 474 238 271 335 433 391 420 419 336 346 269 463 476 482 208 124 208 445 332 74 212 16 423 80 362 248 221 41 89 313 429 280 371 58 434 345 149 
1 232 6 32 13 116 293 90 69 82 22 97 31 198 295 495 57 49 254 123 394 496 407 12 460 404 407 235 472 205 296 73 187 309 369 485 36 65 277 43 153 74 259 490 11 439 401 251 360 471 481 446 303 209 291 241 447 259 0 279 392 39 47 122 266 419 362 332 306 436 39 10 58 66 83 67 340 237 78 215 482 178 365 175 332 324 297 388 254 441 213 346 156 342 345 280 68 162 107 428 
107 301 394 380 186 268 282 191 10 219 332 460 326 419 246 445 460 253 380 279 210 463 396 197 302 233 487 10 268 6 429 191 151 144 244 109 487 30 76 358 334 229 321 2 340 309 235 453 167 124 117 339 150 435 442 419 25 280 461 113 86 483 192 290 115 237 71 364 257 458 224 250 123 95 289 496 249 331 146 346 289 477 472 175 259 34 211 357 218 35 303 64 55 190 424 191 298 228 52 149 
30 66 187 104 349 324 406 202 123 499 329 137 395 140 261 261 496 304 30 415 164 229 240 480 250 357 497 114 1 18 142 450 192 161 233 455 180 375 387 361 45 192 69 22 444 122 152 481 401 354 269 216 147 349 318 152 24 13 446 302 146 221 223 316 170 419 26 321 177 489 103 281 440 354 190 24 361 341 200 128 22 390 30 177 307 56 199 209 111 287 348 24 124 402 293 14 205 312 74 282 
363 19 47 213 14 65 251 423 228 6 315 402 24 417 350 5 17 463 168 258 453 405 211 339 480 342 438 142 312 412 280 139 423 105 295 50 50 165 282 293 59 238 59 106 346 344 341 433 40 434 397 476 142 393 119 296 424 35 396 12 87 159 394 252 235 299 347 323 109 166 81 191 62 371 313 257 204 374 47 180 105 13 177 251 240 409 88 235 163 159 223 273 438 289 58 272 341 405 250 241 
330 72 417 240 371 495 113 206 431 274 51 259 330 229 118 74 429 143 369 55 493 408 401 53 318 138 225 339 477 176 245 348 361 59 62 45 16 109 78 482 97 450 371 242 301 288 482 382 165 186 24 109 210 392 225 279 454 142 46 119 305 42 121 167 234 100 292 277 256 428 449 20 125 101 61 152 30 152 422 446 446 426 275 308 271 434 414 359 190 34 447 66 419 421 320 58 222 229 82 90 
244 154 391 165 476 27 414 341 419 191 174 251 122 82 119 124 292 74 237 307 111 180 318 428 71 479 138 58 176 119 450 200 327 434 346 97 160 127 190 186 106 31 326 385 280 208 92 483 83 336 118 41 416 246 92 406 243 262 261 343 492 239 378 81 281 132 450 475 264 367 420 283 351 474 121 111 125 223 125 367 154 192 136 121 45 262 365 63 277 101 223 496 379 155 355 190 79 60 425 296 
153 311 374 324 144 78 156 65 135 111 227 52 404 293 153 52 55 58 41 417 245 240 414 242 88 37 104 85 83 14 73 499 2 353 18 451 139 78 148 328 337 189 375 303 198 46 451 441 277 96 492 273 413 138 108 445 451 115 87 42 356 470 392 129 67 222 129 407 379 158 431 316 332 371 11 444 290 300 203 269 87 406 93 1 407 9 201 144 77 223 498 129 419 156 192 173 112 246 183 150 
409 254 425 388 38 406 83 18 171 88 129 496 174 311 422 457 82 244 211 483 153 24 307 168 422 480 174 492 18 49 159 164 164 214 476 277 110 106 313 130 218 230 105 417 37 39 361 20 491 183 237 51 143 14 448 46 476 298 121 85 136 392 43 494 240 406 242 158 356 152 119 443 9 154 395 5 488 345 495 95 76 382 266 76 91 253 361 133 121 219 475 129 202 97 17 440 429 342 272 44 
57 286 195 306 11 345 346 335 384 123 143 378 480 149 175 389 86 205 224 94 58 297 294 404 229 321 306 57 488 54 2 391 340 122 199 394 424 197 195 196 391 60 399 52 0 437 192 35 27 94 179 348 182 270 455 401 272 321 370 462 64 254 452 26 109 298 295 176 109 56 262 248 456 212 89 129 402 484 129 429 359 280 412 107 85 124 258 485 199 416 137 491 234 370 30 186 117 360 421 107 
353 16 23 290 100 432 242 111 109 407 221 360 69 419 73 341 484 29 87 123 423 25 38 39 268 47 227 282 391 378 176 436 372 355 74 30 161 438 426 251 473 111 289 60 225 303 319 76 94 367 445 228 435 402 243 294 368 107 461 63 235 26 235 399 43 64 58 49 18 51 213 368 43 410 6 364 207 20 5 60 255 276 494 120 3 398 422 433 394 164 462 220 338 111 243 59 473 118 349 371 
95 119 106 263 258 106 466 52 404 491 29 102 272 35 440 489 244 197 484 156 168 204 119 354 91 201 44 469 394 443 329 123 165 395 383 71 22 177 81 9 51 270 21 34 340 444 416 170 12 279 340 454 408 469 403 168 38 0 254 472 2 142 75 146 471 389 358 374 168 125 385 295 428 443 82 443 155 483 406 437 282 260 372 76 294 146 408 79 195 44 260 401 154 71 478 80 141 287 12 352 
455 360 296 377 360 192 84 209 1 80 13 171 299 320 462 329 396 406 380 71 195 433 420 148 169 34 88 312 80 299 97 406 35 12 88 96 250 339 99 202 431 415 427 159 357 7 0 242 20 371 384 71 213 99 288 128 492 283 35 66 3 239 368 460 61 424 187 200 10 194 239 347 84 348 490 366 327 129 108 402 93 340 372 184 434 110 229 13 298 54 340 243 402 250 87 265 307 424 69 76 
401 11 83 331 137 455 167 91 125 166 378 422 8 365 452 117 156 294 74 0 155 31 411 383 350 75 212 294 248 252 136 288 226 33 448 396 85 296 6 115 212 126 176 402 84 214 11 487 189 152 125 309 95 347 204 165 462 24 476 42 281 168 371 5 333 176 422 238 192 343 442 322 359 118 101 1 69 67 399 49 421 442 452 451 43 384 367 178 202 272 347 66 4 344 145 107 382 115 25 382 
346 321 265 467 419 116 488 404 103 124 278 236 51 61 133 195 386 439 131 149 6 291 297 410 404 436 451 309 346 164 353 108 400 400 185 18 250 394 178 50 327 229 433 119 55 470 442 333 172 293 81 483 427 421 497 409 201 316 133 4 240 198 165 487 133 238 427 48 62 54 479 136 236 14 268 411 221 191 160 180 146 440 189 455 328 334 428 423 240 37 155 223 125 426 262 348 449 133 443 269 
339 338 203 185 59 24 306 196 185 154 338 76 443 326 315 482 314 498 2 337 96 401 332 175 140 422 180 274 21 443 233 336 375 12 433 442 450 17 461 269 56 46 498 386 431 109 135 424 372 285 403 291 238 161 405 172 469 59 423 142 376 398 185 10 280 214 186 210 459 470 459 31 94 422 162 266 103 435 480 476 230 364 51 216 60 250 395 201 340 309 499 387 6 484 306 227 205 411 287 50 
98 76 221 21 29 208 323 359 450 127 35 11 232 465 102 301 192 350 280 158 294 244 187 398 99 168 457 62 115 171 490 278 269 205 447 456 175 355 477 102 320 457 104 344 195 457 483 294 118 327 88 80 450 269 469 123 468 62 118 499 17 90 323 37 378 19 261 460 191 183 392 454 26 448 111 360 86 273 55 162 52 27 5 107 436 82 327 69 425 30 425 127 499 436 88 424 185 285 406 260 
478 112 35 168 342 74 332 386 77 407 254 433 104 16 297 358 229 289 18 428 136 420 330 246 425 237 247 130 412 58 480 260 283 90 148 215 135 486 199 391 493 493 180 428 113 37 122 22 312 288 230 258 3 492 172 27 240 389 342 300 213 344 161 273 130 469 169 164 302 356 459 19 165 189 205 419 312 318 22 499 285 45 458 332 353 258 144 15 163 388 111 406 167 58 322 483 123 397 347 35 
101 269 17 17 201 25 204 273 92 35 125 60 489 159 400 221 174 142 362 429 495 294 30 175 283 136 114 249 411 391 362 407 251 23 129 42 290 360 290 347 345 347 413 117 111 294 254 15 383 88 490 398 78 267 313 359 228 462 151 72 185 493 165 153 364 403 171 157 466 422 311 20 52 97 289 223 115 445 457 62 323 220 80 190 71 32 478 467 402 368 323 323 217 152 446 364 285 373 370 103 
276 199 351 233 191 106 240 142 313 174 449 3 303 379 71 444 403 179 443 299 329 366 447 51 324 345 395 229 17 150 112 455 37 314 498 378 172 147 107 437 294 444 405 2 21 83 489 476 356 366 430 446 230 256 191 444 97 182 173 119 224 128 95 234 455 493 343 174 259 208 386 421 421 211 239 246 375 374 12 12 485 311 400 489 288 251 343 365 208 73 444 3 499 421 176 367 473 24 180 365 
251 225 389 473 175 371 365 180 189 202 173 377 158 140 12 31 79 9 43 15 410 292 375 105 165 355 63 119 348 257 339 452 36 386 351 418 275 312 204 271 213 5 87 346 287 235 236 237 108 175 50 73 462 413 104 404 170 208 351 234 450 181 121 191 2 292 325 452 57 59 376 280 361 433 28 329 133 118 470 259 74 110 246 19 204 143 269 404 159 238 454 291 357 80 62 165 162 293 288 446 
133 466 273 490 277 320 154 110 196 140 155 272 106 120 165 83 289 485 15 171 203 155 206 315 297 70 201 179 223 155 262 412 160 222 290 210 227 249 406 150 322 217 163 12 26 231 392 327 144 45 222 486 70 114 28 165 237 172 83 329 357 392 195 3 105 80 292 236 445 484 452 48 173 97 174 437 284 413 434 223 9 258 238 196 189 23 228 182 225 128 453 1 361 238 121 11 248 426 380 423 
322 273 472 46 416 128 68 328 59 392 385 420 472 160 182 166 183 434 198 273 121 124 361 74 262 336 226 403 182 446 424 151 447 43 106 289 68 26 496 460 460 303 223 170 362 119 412 255 336 187 485 59 62 370 291 214 480 81 16 20 42 154 264 290 335 477 41 68 420 35 311 126 486 497 13 168 354 67 286 145 128 266 491 32 263 180 233 382 399 87 149 110 240 168 246 34 162 164 122 344 
344 267 405 417 101 80 243 214 169 37 97 240 468 175 466 323 484 465 213 25 28 145 369 328 305 203 448 299 300 217 45 188 24 166 138 175 198 335 449 54 70 159 481 238 191 62 51 472 29 432 425 384 106 31 78 470 272 38 187 62 50 392 126 342 385 8 106 36 328 494 358 302 401 130 201 392 294 363 5 428 51 427 367 490 302 237 259 205 489 55 51 286 139 465 301 190 2 402 140 126 
239 273 248 214 14 246 367 181 235 159 174 11 477 357 240 96 175 167 51 413 385 197 96 264 223 125 357 25 155 286 114 394 339 372 49 223 378 136 249 370 136 12 56 485 244 194 283 281 249 13 143 309 162 276 114 276 155 78 472 47 277 238 98 282 1 135 314 132 468 26 428 22 45 471 5 448 439 278 402 114 440 112 183 54 339 168 400 357 446 177 440 59 271 92 133 254 488 427 179 154 
72 442 416 183 204 265 223 215 122 281 343 455 165 318 99 411 241 349 488 336 36 295 410 310 389 54 334 30 28 290 203 409 327 275 497 229 19 337 302 200 201 439 251 455 195 364 10 89 10 91 412 332 62 215 382 187 428 194 215 157 242 253 228 156 340 480 458 489 90 382 224 228 129 356 78 487 267 307 85 399 293 70 445 222 319 204 243 451 495 382 94 403 481 25 320 64 103 151 324 119 
175 474 16 30 401 433 244 482 43 41 149 99 354 491 326 405 31 16 270 269 10 317 28 97 454 64 60 172 116 175 319 30 232 240 129 246 326 204 136 397 117 287 144 314 234 424 337 38 155 314 324 254 402 67 273 55 135 244 220 197 460 4 475 391 144 183 136 122 290 234 452 211 240 142 134 314 284 6 224 337 270 14 151 354 213 264 125 420 90 187 388 227 258 226 292 197 456 97 193 111 
191 224 50 161 129 221 269 43 132 474 204 273 384 211 83 192 266 372 80 289 150 467 75 293 179 225 470 397 443 185 76 8 5 168 331 7 159 283 83 48 255 394 33 75 201 487 110 32 190 223 173 85 4 103 343 31 202 253 248 267 237 367 216 47 250 200 431 300 134 378 2 90 404 168 167 30 390 369 70 316 395 177 409 221 303 99 174 486 387 126 371 70 470 279 130 104 296 246 221 117 
55 465 32 33 411 63 65 415 242 102 425 354 368 498 260 168 395 406 137 110 70 492 15 130 131 273 186 428 251 68 79 289 81 220 301 147 117 374 461 297 246 144 217 98 409 246 470 155 21 426 187 262 132 367 396 492 475 186 176 443 301 25 347 173 68 303 95 347 477 35 285 269 353 172 183 409 131 313 19 434 115 274 134 175 300 63 233 296 115 496 208 212 216 345 142 148 264 54 13 451 
223 273 242 178 371 42 106 322 153 192 390 12 312 318 404 488 311 261 180 365 125 204 10 440 39 16 280 155 418 297 310 188 96 184 4 165 376 94 160 478 444 205 269 190 401 338 314 250 479 203 427 388 11 258 465 6 127 430 117 353 133 304 327 157 486 196 247 162 69 385 135 461 14 278 146 291 104 99 264 149 434 235 171 272 437 55 42 395 147 275 208 463 246 63 292 403 492 301 150 52 
77 417 212 190 421 129 214 164 336 311 42 280 80 31 40 218 262 205 329 35 311 375 419 461 252 10 53 305 359 359 130 84 492 412 155 66 32 116 132 412 173 135 288 111 399 333 470 414 274 306 34 457 375 314 8 346 75 334 309 188 309 26 303 225 67 72 348 56 28 157 102 200 120 252 29 56 189 16 96 375 457 365 485 137 176 80 44 143 299 401 149 15 141 94 361 468 213 247 330 341 
364 238 58 179 412 484 415 128 253 483 59 106 187 141 397 424 93 457 98 399 241 261 14 160 3 384 160 96 306 72 191 204 112 210 405 258 141 140 408 22 12 276 4 402 37 112 304 306 319 329 176 455 108 248 194 96 284 82 95 150 383 95 209 106 85 489 319 441 364 13 165 68 393 498 40 315 43 165 160 446 88 413 88 406 36 76 405 245 451 245 32 462 174 115 481 147 174 359 176 451 
332 74 157 470 404 317 286 191 363 440 238 149 182 291 311 105 90 243 413 399 320 190 337 119 74 78 491 66 83 400 124 37 457 10 478 145 330 37 129 128 123 293 465 91 229 309 165 232 296 395 368 293 180 135 115 2 168 215 342 244 60 292 314 238 312 495 106 345 301 490 388 250 106 28 123 123 95 481 366 150 345 195 80 0 434 366 206 478 438 170 492 4 398 83 99 351 200 380 142 265 
227 144 424 206 61 129 110 237 266 353 170 355 314 219 439 267 30 229 221 244 363 303 15 43 468 349 139 196 49 269 270 437 60 31 65 204 126 332 447 334 1 336 336 29 17 27 189 251 193 174 473 483 48 227 144 160 455 302 258 152 252 410 330 375 331 15 143 171 372 89 6 186 105 405 325 177 193 162 232 248 494 248 47 136 23 196 391 136 49 450 320 319 359 338 245 192 384 293 494 96 
96 300 279 8 461 370 370 298 207 82 51 193 281 331 261 202 286 219 496 87 292 170 424 90 389 4 329 147 71 427 153 222 224 277 146 121 497 406 204 178 422 227 17 199 447 135 404 206 261 20 210 304 0 168 407 417 15 69 12 402 361 278 197 50 375 389 338 252 186 253 266 129 94 251 123 249 231 436 303 160 494 4 478 219 68 218 109 239 307 414 311 261 229 75 170 407 97 378 208 306 
78 251 263 488 407 27 445 468 381 110 256 367 35 93 328 173 436 190 338 253 64 135 166 473 463 109 352 74 135 10 228 290 4 268 138 115 242 107 215 387 493 169 25 192 324 89 176 378 88 58 174 214 246 312 332 390 164 3 295 194 160 227 222 157 101 112 72 125 138 63 16 483 172 117 147 450 227 310 22 489 320 88 165 135 242 170 455 3 11 251 250 328 236 423 402 463 323 83 17 427 
331 344 286 299 369 362 394 18 78 294 254 35 9 418 362 52 367 451 29 481 192 140 243 168 160 241 99 475 201 118 125 184 486 452 115 360 312 376 274 332 333 488 147 416 39 283 54 292 401 117 475 399 476 57 32 321 387 272 462 262 7 215 319 121 194 269 412 258 42 232 298 46 178 360 294 475 372 483 33 171 481 270 493 438 441 260 382 260 265 290 331 407 130 475 225 181 207 193 8 28 
410 64 215 343 195 289 443 428 18 114 327 67 242 304 207 454 214 300 256 444 374 50 130 295 233 331 273 137 242 306 53 383 313 377 9 461 427 141 194 400 332 444 431 341 480 21 360 478 192 329 160 322 223 24 367 253 292 45 96 249 174 403 349 370 457 204 168 397 311 495 35 423 411 269 383 420 152 211 282 378 161 331 64 438 443 400 474 18 328 215 330 300 75 263 18 214 364 212 148 402 
478 379 305 400 197 485 185 482 141 109 419 467 108 390 445 55 167 314 466 430 440 36 78 366 410 80 370 46 97 168 177 21 24 37 197 412 413 320 310 463 63 435 144 197 405 386 15 229 418 350 480 272 4 267 218 280 338 65 34 407 265 102 218 89 169 429 291 142 124 66 2 360 391 321 376 159 433 336 454 273 380 76 272 468 209 306 92 166 251 110 489 441 287 481 204 163 330 196 19 255 
408 419 241 156 327 419 425 354 419 318 250 59 237 9 218 316 54 308 85 404 129 287 141 467 431 497 339 127 386 496 201 483 152 104 10 397 238 293 485 421 100 245 54 446 262 147 313 285 83 65 13 396 221 456 208 214 438 281 63 120 341 402 8 233 92 175 262 344 413 259 105 141 290 130 59 87 226 403 175 490 420 201 231 341 130 121 299 49 163 227 284 270 432 203 2 89 205 326 221 92 
342 313 453 238 351 279 425 390 61 210 270 181 234 172 29 189 193 3 410 481 6 362 181 34 54 437 57 473 82 275 43 486 172 435 49 271 223 406 352 54 360 178 187 250 468 266 269 417 404 340 353 425 411 242 171 356 263 290 474 282 323 112 460 133 247 285 301 476 120 249 472 35 178 369 402 34 147 335 480 292 189 17 363 206 367 96 407 471 312 464 136 487 341 256 136 195 340 8 468 499 
