484 193 194 105 59 338 56 179 296 282 229 56 42 340 36 279 94 43 306 32 379 90 135 381 16 77 173 17 478 203 181 323 232 75 132 140 31 386 361 397 453 309 35 121 37 243 33 306 396 286 35 173 434 407 304 307 452 126 331 69 308 31 231 207 146 178 442 145 330 461 47 270 426 387 114 186 205 39 365 21 44 2 57 120 216 38 131 388 344 439 35 401 488 391 140 232 334 441 265 356 
333 286 28 109 363 300 5 30 131 310 205 297 418 316 496 389 333 118 203 211 460 135 190 420 146 360 445 90 145 370 13 336 110 68 406 207 456 201 479 494 254 126 113 146 443 414 15 287 90 197 69 433 148 130 204 362 336 460 230 111 309 68 30 138 432 1 102 191 406 304 79 173 210 465 37 219 318 49 212 146 218 38 289 190 33 172 489 453 44 165 3 270 69 239 468 337 224 456 388 366 
296 158 86 420 332 25 276 309 91 342 221 287 109 389 383 221 87 377 424 438 414 162 355 177 206 419 143 302 112 21 192 407 218 144 248 415 379 21 448 151 87 475 379 358 83 446 187 407 288 425 395 360 320 390 267 156 354 172 446 156 379 0 293 203 309 8 85 289 271 80 127 50 441 2 293 494 157 121 156 303 466 328 288 12 264 435 72 333 420 2 202 48 6 413 361 210 284 64 85 271 
392 12 438 289 101 269 309 88 274 274 367 338 456 198 228 253 209 364 220 309 125 405 7 418 400 228 378 327 403 455 239 40 19 180 393 257 292 226 237 359 39 481 52 383 442 479 307 389 280 265 283 294 463 13 425 461 397 361 485 95 7 156 44 105 124 56 392 250 85 420 431 16 286 34 491 147 117 447 389 92 296 334 223 172 48 23 291 166 261 481 441 461 443 245 196 229 373 400 150 203 
328 231 441 23 442 210 388 13 288 479 73 220 237 55 314 431 0 497 411 8 417 202 128 245 139 129 199 433 96 384 76 229 413 103 91 403 464 195 298 42 40 245 464 222 315 360 489 270 249 297 91 24 252 321 240 213 335 316 489 296 48 164 358 43 81 80 407 436 170 162 363 166 463 55 98 272 331 361 300 493 41 149 144 237 82 119 167 463 316 110 42 119 413 380 108 306 347 306 452 196 
71 0 377 456 35 11 87 102 84 423 383 313 432 79 82 0 116 358 343 307 409 415 265 30 72 317 58 281 272 257 257 240 107 311 257 393 471 87 243 468 302 88 298 82 252 477 457 385 293 216 128 394 291 271 107 412 332 9 292 177 227 205 91 191 183 381 270 132 104 318 114 113 374 349 152 327 415 337 288 255 177 351 468 84 377 246 20 406 162 245 245 341 432 58 494 154 94 13 38 398 
5 339 251 73 347 219 479 217 145 446 100 498 297 141 425 340 199 9 156 443 492 190 474 458 79 288 473 300 64 154 67 430 326 352 175 177 234 120 393 23 440 459 118 28 376 445 453 35 65 326 170 212 380 26 459 460 477 200 274 283 281 6 487 1 68 192 214 241 205 194 130 230 114 98 139 46 262 267 354 448 328 30 224 192 114 387 460 114 245 464 143 319 326 448 44 363 470 455 360 408 
398 63 84 425 58 414 130 479 303 399 285 0 151 54 480 388 408 352 160 329 243 282 65 381 474 380 70 139 352 141 144 275 72 33 194 141 209 95 326 345 204 277 289 250 278 160 71 60 104 216 97 188 216 256 28 429 430 346 287 94 114 278 68 33 220 391 323 246 278 89 198 116 400 357 32 203 462 482 96 259 41 261 425 184 415 252 24 18 93 374 69 399 397 298 134 327 225 372 188 51 
57 480 491 361 488 239 260 199 70 411 233 26 452 446 421 180 136 36 245 425 23 476 342 99 224 429 351 128 167 198 357 241 150 452 149 100 491 311 414 253 210 242 53 228 264 215 213 449 24 442 154 217 440 112 184 449 128 463 463 397 287 0 286 443 438 218 120 412 397 105 446 289 70 337 435 490 297 192 317 403 230 365 452 219 297 154 28 274 183 61 413 154 324 198 50 390 148 356 124 401 
318 405 268 140 187 155 228 155 335 485 100 129 254 301 75 315 437 31 461 110 47 481 455 174 338 88 311 221 16 315 312 197 331 443 108 474 69 452 16 164 359 186 51 87 372 345 463 376 401 313 389 132 188 12 39 490 157 218 115 217 359 72 145 449 171 168 81 171 106 352 386 444 240 31 278 379 173 159 292 298 387 21 102 120 116 347 122 425 2 120 399 334 304 469 283 68 38 474 156 17 
200 79 432 448 47 44 9 46 56 270 241 39 293 196 13 31 121 472 396 328 288 239 415 399 255 184 158 484 25 475 189 371 294 385 444 420 275 161 324 471 466 235 459 40 443 56 154 497 339 209 57 302 323 37 338 416 197 491 402 189 187 497 120 67 449 426 23 91 348 35 191 244 158 12 98 272 355 271 409 253 448 245 304 12 416 355 198 262 157 196 418 164 204 318 45 313 195 154 433 254 
118 300 429 61 432 358 46 260 443 223 317 212 406 331 39 109 230 90 337 221 475 274 116 181 257 465 143 459 450 121 478 456 134 274 247 295 400 361 463 255 314 50 468 426 17 285 432 270 394 12 292 484 36 461 102 499 417 109 252 490 138 444 466 270 103 255 437 422 487 477 209 63 273 31 372 86 91 58 392 463 462 183 415 348 35 397 25 207 184 444 22 73 494 373 404 59 429 493 447 361 
428 459 415 16 15 466 162 292 58 398 331 179 188 73 446 89 480 481 0 380 487 341 261 241 298 189 73 408 409 450 308 441 467 425 450 204 236 67 54 285 85 421 128 435 215 104 244 50 155 19 381 119 448 156 131 441 178 273 489 497 338 76 174 325 465 329 150 236 489 298 383 249 421 39 437 234 384 215 22 287 193 342 22 316 122 425 179 291 271 371 404 493 100 462 83 390 289 417 391 18 
20 303 375 167 392 32 108 141 498 258 113 193 1 187 16 118 218 168 36 247 23 297 73 52 115 256 428 115 119 343 248 210 44 210 104 40 337 12 34 244 217 68 235 104 32 316 191 197 146 353 223 478 233 462 490 428 124 481 489 425 484 286 35 496 162 363 35 167 437 155 75 154 470 163 460 263 316 94 147 18 9 164 112 24 434 306 381 90 134 415 362 80 419 26 370 350 444 18 216 61 
422 6 326 203 39 310 214 251 432 485 184 301 35 2 463 64 12 440 211 37 278 281 334 51 40 210 38 7 349 451 350 106 295 171 121 88 175 225 307 128 265 286 373 289 185 481 155 187 394 6 216 91 151 287 242 182 471 52 95 221 301 387 227 325 140 91 330 457 51 304 172 21 17 355 23 251 78 398 386 388 321 11 100 28 9 322 78 459 453 59 368 41 117 460 253 150 86 307 26 249 
273 464 325 270 395 422 446 246 31 70 310 268 308 259 70 453 304 256 454 3 1 143 119 234 344 328 493 191 340 457 17 465 372 31 206 88 455 45 154 323 18 187 96 407 451 422 304 190 381 410 298 117 444 12 414 164 154 93 59 157 386 479 115 56 40 282 339 327 66 82 431 90 213 231 104 184 158 4 248 158 83 52 498 7 153 474 22 185 184 41 255 439 253 176 403 303 434 282 331 246 
370 255 64 410 180 360 278 227 382 110 87 230 342 203 453 217 312 170 215 171 229 206 201 294 84 415 167 10 137 469 484 282 326 158 311 404 445 452 181 233 350 138 472 337 359 61 256 4 149 70 233 254 49 306 404 429 495 166 425 468 125 304 144 206 199 142 198 251 234 62 34 342 407 89 97 436 189 44 351 264 473 479 355 127 297 40 225 150 486 496 6 261 339 428 315 235 71 463 454 388 
430 266 105 65 403 332 84 238 388 282 34 496 367 302 331 470 320 288 412 441 30 37 402 35 378 428 355 492 297 173 78 274 310 319 86 91 4 29 98 248 137 357 452 145 495 273 375 22 394 182 333 160 250 485 144 383 306 411 7 206 82 192 308 394 381 159 253 480 418 213 271 494 43 64 179 294 298 194 244 11 223 34 439 104 475 440 234 232 312 131 98 281 369 468 382 219 79 473 269 198 
467 481 239 491 214 182 333 400 295 499 393 227 440 140 72 411 416 262 442 491 83 91 345 28 486 353 242 86 464 433 152 124 181 260 374 351 347 173 459 362 318 154 52 443 104 476 190 161 293 447 9 135 395 475 352 400 1 263 134 247 365 88 304 4 240 77 51 103 137 212 185 185 208 258 415 462 472 2 374 306 406 323 143 390 61 487 271 488 331 410 470 49 465 272 214 299 330 294 116 175 
404 459 27 281 420 438 183 410 227 126 324 240 332 15 359 240 479 207 445 25 167 411 240 97 145 270 26 268 417 370 415 143 200 22 352 5 150 228 60 367 445 240 324 466 262 49 107 463 16 235 304 418 13 408 94 18 247 46 235 152 348 61 68 213 470 189 149 281 211 455 218 206 434 417 81 122 92 214 373 124 497 387 394 448 186 414 494 429 241 281 423 62 444 259 129 48 353 268 258 247 
421 279 101 127 127 211 352 293 139 435 78 13 144 159 116 302 313 6 98 273 327 405 324 251 372 152 189 366 418 479 443 176 183 460 352 281 455 396 50 434 422 198 450 246 336 495 26 346 298 126 70 251 363 264 295 378 380 28 307 376 159 27 16 219 206 90 157 149 474 154 241 142 77 361 417 195 185 359 263 45 358 16 312 51 371 452 44 244 188 275 316 345 271 62 445 430 480 93 398 430 
169 459 273 420 285 75 178 219 196 128 89 277 56 283 227 456 67 479 398 57 169 345 248 65 67 221 281 41 304 493 232 385 487 193 188 181 1 91 367 6 68 392 150 362 196 98 222 434 129 371 307 164 166 290 139 318 365 321 269 389 58 379 282 29 304 190 108 476 297 263 190 1 429 229 447 187 431 3 406 50 95 70 69 322 139 495 64 174 140 160 165 486 167 205 214 439 388 265 278 498 
218 6 288 404 336 161 100 121 224 333 159 356 232 499 105 194 325 174 33 497 492 256 185 251 330 224 354 179 472 218 294 347 423 336 72 438 4 162 81 368 279 24 365 427 237 30 491 49 235 376 56 140 290 36 360 477 327 57 107 336 448 261 408 262 348 101 192 388 113 418 249 307 452 112 375 132 233 19 119 98 266 250 418 14 256 215 344 363 251 386 41 22 402 90 456 159 277 481 494 257 
272 371 317 494 304 197 46 363 236 270 36 426 52 275 103 288 349 155 443 250 237 497 32 143 84 385 161 328 235 256 404 110 480 104 154 322 278 247 203 499 227 35 376 293 275 262 134 386 414 199 14 421 465 5 156 356 205 238 100 194 325 2 8 34 433 453 442 359 95 26 208 480 380 282 157 330 498 125 237 291 265 443 337 497 428 357 260 116 369 261 469 364 0 467 434 106 292 202 485 116 
250 167 125 4 33 195 20 77 490 71 406 476 105 359 312 274 197 103 161 361 377 210 84 80 450 124 280 230 107 119 13 174 355 132 292 56 414 442 456 484 402 175 106 472 335 207 154 455 352 354 411 359 456 361 381 458 449 115 145 297 361 384 300 325 262 182 243 382 250 372 347 368 162 115 305 300 50 159 4 116 322 322 102 331 31 403 415 59 81 381 132 224 495 197 279 231 172 482 56 482 
393 47 155 228 243 362 207 4 274 371 86 279 309 319 490 93 416 274 364 47 8 463 46 450 347 438 234 431 328 454 5 184 159 480 234 198 427 256 287 187 155 483 244 65 100 453 174 448 393 363 218 261 368 231 463 208 448 435 105 439 18 428 407 267 293 204 322 54 313 201 222 209 110 279 442 9 484 432 383 457 402 275 430 450 449 123 463 217 26 0 380 72 343 294 45 107 162 126 475 481 
38 469 192 188 410 64 32 49 371 100 189 471 309 25 0 465 277 478 361 26 202 394 202 125 214 242 173 301 402 173 175 303 324 129 149 29 59 88 449 265 176 61 96 403 448 416 47 103 194 127 174 134 291 359 105 231 87 363 313 5 274 223 485 251 398 347 245 399 186 285 250 414 395 323 380 116 311 166 348 31 388 308 459 138 73 53 203 197 498 277 226 362 464 367 88 465 68 392 136 251 
418 105 147 356 69 155 16 303 12 474 32 326 53 320 274 122 453 150 0 8 224 203 408 77 127 376 21 191 491 365 249 336 7 146 436 126 49 227 22 144 205 220 309 240 199 63 111 425 298 240 86 483 425 499 127 73 304 276 244 115 294 196 213 352 134 254 32 401 231 277 112 146 129 267 279 92 413 233 4 180 404 162 204 155 35 280 82 371 237 270 264 65 453 115 160 95 210 495 205 264 
56 371 311 1 25 197 200 451 60 162 451 310 228 435 181 160 0 30 15 210 361 278 247 242 25 20 262 118 39 380 145 172 311 143 307 35 220 37 142 452 82 478 225 496 189 297 270 41 379 101 400 123 5 472 207 289 73 341 87 461 86 369 93 24 60 359 95 485 346 32 67 176 202 177 299 174 331 199 3 251 276 142 450 398 228 168 49 456 473 68 46 223 278 137 445 93 144 85 337 190 
87 408 285 342 217 319 182 71 430 77 372 149 72 363 345 150 446 435 29 164 450 99 484 29 239 78 449 23 18 252 35 240 164 38 265 311 473 297 89 207 191 279 148 236 226 149 72 180 343 287 23 211 235 125 249 258 217 335 8 169 414 320 90 251 152 82 22 82 125 369 2 91 209 405 297 115 243 377 285 383 460 493 259 337 372 402 425 315 425 428 75 455 341 153 210 96 91 345 266 100 
105 92 107 23 277 3 97 371 169 57 174 412 300 197 352 385 217 322 368 396 2 398 26 287 154 411 70 439 218 417 287 145 194 391 394 58 150 69 217 423 402 34 168 442 295 64 39 376 439 73 133 452 17 499 89 170 485 354 316 199 124 35 498 172 447 252 56 313 208 315 445 101 114 485 431 138 306 240 140 434 17 211 50 459 464 168 112 487 46 74 398 89 437 420 395 314 232 265 252 391 
295 206 420 174 251 417 362 492 352 19 399 162 208 88 413 418 269 57 27 96 94 263 433 344 374 238 398 306 230 349 452 457 184 80 172 252 343 169 135 483 417 444 108 232 79 192 59 121 52 303 421 425 428 141 77 225 382 411 278 61 396 255 54 127 306 334 347 119 265 183 352 383 146 274 250 262 278 307 256 347 323 220 235 347 160 368 222 479 301 270 393 363 302 69 499 380 289 9 410 234 
366 462 158 222 378 451 359 237 461 318 43 437 60 110 297 106 447 329 263 183 204 399 485 439 492 206 427 416 458 127 17 394 109 378 201 49 345 166 121 55 401 439 465 487 399 219 19 121 24 78 29 133 54 293 187 121 395 218 482 229 28 430 140 339 234 367 329 479 475 23 77 288 377 488 35 116 438 281 200 185 172 200 425 184 475 470 215 150 178 417 80 296 411 373 370 216 62 197 393 342 
161 378 154 112 249 75 35 468 403 439 494 497 481 148 52 217 323 357 172 174 358 483 104 160 216 323 188 277 187 236 287 30 454 35 134 378 386 218 181 212 250 356 439 166 53 205 485 367 115 98 284 16 226 464 407 151 210 438 195 451 20 184 65 192 299 246 147 78 39 459 267 40 325 378 428 207 103 254 67 295 258 357 357 69 422 204 381 321 89 17 73 74 46 305 324 268 103 247 214 113 
200 444 247 399 442 296 473 241 356 209 413 452 393 175 356 472 326 147 386 283 477 112 394 353 31 499 396 453 470 222 475 255 442 416 119 66 36 154 474 64 151 385 304 47 319 110 329 434 435 70 286 405 231 223 120 173 282 194 348 199 164 303 190 219 379 451 113 268 312 408 146 147 300 394 96 43 264 135 247 339 20 311 144 346 294 298 25 289 455 455 486 288 110 374 202 58 442 188 198 294 
60 498 362 298 232 447 77 233 152 10 132 246 397 115 334 254 111 37 78 134 215 140 152 217 195 232 13 267 368 137 77 223 307 348 114 271 418 90 307 129 32 372 158 87 195 487 158 107 285 284 27 244 341 479 355 317 467 155 473 251 443 369 460 125 234 294 246 223 106 198 313 302 451 375 354 167 389 65 461 98 348 404 44 366 85 262 143 98 403 141 287 286 494 288 21 89 491 193 490 189 
392 15 165 81 81 89 136 2 427 287 286 218 492 207 153 85 84 115 299 204 174 132 47 19 430 399 209 37 349 43 162 71 149 314 361 49 95 100 4 212 142 224 219 13 142 454 265 196 213 29 113 232 112 290 197 78 201 304 208 73 44 365 465 253 292 233 174 351 252 410 114 55 105 475 274 483 77 354 110 64 196 59 71 302 14 258 336 160 306 172 438 396 241 360 224 420 86 281 111 386 
312 234 205 470 4 278 44 225 345 365 338 32 302 327 202 361 299 91 113 137 318 3 54 463 299 442 115 236 301 226 454 79 196 40 406 299 36 164 249 55 83 129 417 281 109 320 270 310 119 99 368 56 323 130 218 217 202 477 434 468 23 241 181 378 482 207 197 490 476 33 221 80 158 0 241 434 208 126 239 376 287 37 257 70 20 251 324 199 435 80 132 61 452 60 277 486 217 101 446 168 
376 117 456 201 134 284 17 488 68 361 113 44 273 109 56 6 117 132 5 133 337 278 211 330 490 485 498 168 334 301 373 133 136 212 453 305 200 304 340 347 135 45 95 322 248 3 196 101 403 367 397 338 16 353 93 0 195 450 32 175 467 335 49 20 165 214 217 73 43 259 427 54 236 458 198 473 341 123 427 195 209 386 371 123 169 264 55 434 95 153 374 320 211 179 203 410 218 351 24 476 
439 371 114 62 172 52 330 321 310 285 151 71 411 483 305 87 222 455 457 173 64 461 454 402 287 330 147 22 328 451 314 475 200 307 89 462 125 307 243 179 106 325 393 154 465 20 309 319 34 50 351 129 60 1 238 246 377 158 81 449 337 407 103 322 459 415 159 255 289 304 352 383 145 492 493 471 104 420 464 234 386 425 300 121 278 307 431 235 59 56 289 495 403 209 106 292 383 331 22 348 
400 453 115 328 468 284 446 263 140 475 122 469 456 136 97 377 263 438 437 10 409 364 478 31 458 183 8 186 497 299 224 254 308 0 186 167 78 150 138 141 195 309 103 487 419 455 82 499 370 322 467 199 357 139 442 142 280 251 302 59 20 351 434 428 339 55 30 39 176 219 35 358 403 110 266 205 75 370 215 260 463 219 167 257 69 383 55 15 195 135 177 28 136 200 404 199 201 28 7 413 
352 137 226 73 475 434 404 403 421 85 344 311 22 221 183 397 101 50 386 14 35 189 64 196 153 40 77 71 340 425 321 245 128 198 419 319 471 401 350 276 380 21 205 242 268 252 204 318 471 342 282 413 14 67 394 192 344 480 447 419 286 356 107 282 256 212 441 340 424 463 134 153 305 276 81 481 36 337 118 49 93 145 53 86 322 287 334 203 408 149 160 28 415 492 238 29 110 405 242 215 
249 441 60 313 242 203 181 401 171 294 281 338 75 326 53 353 30 435 325 175 205 353 449 89 73 104 126 13 264 20 388 433 103 181 170 61 133 335 333 14 95 348 356 259 487 164 27 407 183 426 275 269 328 118 434 435 458 298 115 323 485 177 300 425 256 436 238 28 418 419 449 203 46 252 209 111 259 461 339 348 208 276 60 15 224 414 391 270 345 9 357 34 202 51 18 460 454 255 277 67 
123 418 60 297 268 124 438 16 86 196 473 183 273 101 328 161 73 431 375 241 19 273 436 247 38 464 470 249 93 16 339 90 278 282 356 495 119 382 416 87 21 65 33 292 163 313 498 478 216 108 368 136 343 190 475 85 277 219 203 145 307 201 140 496 302 102 107 138 237 76 215 191 79 212 206 465 400 192 155 31 188 29 468 348 493 228 299 465 399 336 315 372 314 388 204 478 80 25 438 473 
34 92 214 25 204 301 373 163 358 350 191 140 417 29 128 481 153 384 4 59 313 16 128 329 106 455 254 251 387 77 397 157 36 340 226 272 0 104 426 225 453 464 198 416 63 394 419 242 124 56 422 330 354 477 479 56 21 145 287 323 195 33 80 218 13 370 336 373 36 450 217 125 412 76 308 227 411 391 35 248 481 209 353 231 19 352 395 3 409 266 268 424 173 385 274 127 348 329 326 96 
39 77 182 15 7 295 120 466 476 468 18 22 112 103 136 273 266 489 490 487 233 493 162 108 147 305 48 192 202 393 56 160 397 442 340 420 54 294 435 317 435 289 301 229 182 367 80 225 217 453 226 7 430 68 444 187 108 218 430 203 10 142 284 149 463 486 405 40 450 415 361 451 355 3 168 441 434 495 461 378 188 290 493 429 319 62 53 230 273 458 228 245 56 184 341 332 16 59 367 178 
366 228 474 137 304 204 291 369 192 13 327 317 385 498 225 65 496 147 200 97 24 382 442 157 168 227 222 305 229 303 143 351 322 471 86 58 474 169 194 366 21 79 194 114 482 483 14 64 65 328 298 171 364 490 388 341 219 347 0 151 4 0 269 410 347 414 477 263 22 195 252 459 100 383 117 400 79 211 74 18 283 403 31 361 65 303 1 145 160 184 411 283 371 152 364 152 316 460 234 56 
495 488 231 48 385 248 354 295 434 252 468 426 109 345 87 62 24 19 142 290 184 443 230 333 89 10 437 12 345 308 146 460 405 241 13 175 145 62 395 480 5 236 379 124 120 386 353 267 332 56 219 172 133 194 203 456 79 5 349 31 434 260 469 328 193 363 335 322 191 313 273 123 407 166 380 162 166 127 259 419 9 276 28 58 325 342 344 368 152 287 114 461 92 215 499 267 458 441 320 345 
147 52 183 183 489 334 127 225 449 230 431 23 4 297 252 393 156 124 370 42 352 219 296 157 370 369 499 177 228 46 446 473 181 433 399 181 222 444 395 340 177 497 38 339 192 414 429 260 368 70 37 474 152 113 153 152 169 322 471 448 496 236 39 378 310 208 391 321 6 416 386 277 368 486 412 186 145 370 213 348 179 386 301 183 414 265 23 117 164 202 185 258 145 478 84 335 289 191 136 402 
474 386 78 108 356 431 228 336 327 395 113 56 189 35 390 178 468 419 100 365 343 469 382 311 255 224 381 64 491 299 310 248 380 206 376 386 284 323 328 427 435 432 25 425 236 348 231 62 302 267 194 347 470 220 306 336 66 410 422 159 26 244 397 405 446 444 36 499 109 289 54 44 57 105 197 331 278 223 61 160 331 486 274 192 426 77 401 85 51 383 478 118 125 142 349 474 52 116 434 46 
62 255 291 70 207 290 264 129 278 191 316 88 435 430 391 167 330 301 186 333 73 246 15 81 289 406 85 353 273 455 66 196 187 280 355 443 99 43 215 279 13 312 168 217 118 476 219 181 418 217 78 380 157 276 43 329 336 10 30 158 113 407 279 96 109 452 101 55 372 404 158 383 338 14 293 211 349 377 280 282 167 479 69 284 290 6 267 49 357 68 148 333 236 370 78 463 227 495 87 163 
362 93 53 214 385 57 102 491 23 439 23 193 168 77 83 390 120 148 439 106 60 254 299 309 3 454 15 493 21 197 139 207 30 47 248 191 98 265 280 37 232 80 176 243 21 365 84 73 259 130 234 236 394 310 419 310 469 489 334 485 247 178 90 454 67 452 211 368 2 98 480 316 193 38 195 471 407 497 235 227 444 329 146 46 385 110 411 317 314 17 363 379 474 390 204 429 94 177 261 209 
396 44 319 89 121 163 279 22 49 456 474 4 374 103 89 89 144 60 149 102 219 32 13 292 117 154 53 447 121 39 339 319 125 459 192 104 356 322 358 179 483 129 203 349 445 262 28 288 284 431 43 460 254 241 390 212 332 352 409 313 126 336 5 210 379 32 262 436 203 330 138 403 290 398 99 462 446 96 119 476 271 95 438 176 422 67 376 34 356 165 315 122 13 86 207 33 360 281 356 149 
125 453 252 62 129 46 38 334 360 311 66 393 344 220 217 93 148 384 316 331 236 446 284 31 76 484 208 349 116 60 111 332 282 438 184 359 168 189 435 482 367 129 228 418 56 110 2 80 326 47 333 279 332 305 332 147 113 209 430 357 201 319 131 97 226 481 269 479 191 471 408 445 40 188 355 71 270 97 379 28 203 324 245 229 49 224 479 140 7 391 411 398 289 112 24 115 10 226 233 209 
223 440 111 252 413 107 241 13 394 381 173 50 296 271 414 405 334 281 213 467 179 141 44 219 24 249 97 47 41 69 382 478 403 440 133 222 185 222 375 80 416 30 16 354 244 88 129 476 447 354 257 346 368 19 341 477 200 484 236 308 192 50 449 389 380 416 102 4 245 317 60 247 65 372 204 135 383 228 30 482 229 454 376 249 82 33 166 468 319 328 451 375 261 497 250 419 112 410 381 430 
415 124 258 399 220 140 73 382 477 321 341 102 27 121 34 440 453 407 306 395 32 161 367 480 246 151 185 452 141 263 304 427 406 395 243 255 465 360 426 70 219 216 442 157 269 31 199 473 78 349 330 334 464 195 272 146 303 198 77 47 51 184 205 144 431 258 216 284 269 161 340 468 228 246 296 410 196 423 75 127 212 247 266 39 86 474 457 385 247 347 335 136 468 211 425 20 56 361 193 22 
375 4 324 403 320 189 292 230 90 139 101 4 40 473 422 131 182 106 220 271 358 219 255 24 334 218 272 56 84 300 346 448 303 215 459 156 472 274 134 392 317 315 259 464 209 347 30 413 313 103 91 129 344 416 485 227 133 139 94 239 204 387 467 415 422 384 496 335 87 214 146 349 481 221 191 125 491 406 442 323 117 237 375 314 306 224 293 96 427 48 170 46 342 383 163 182 143 270 221 71 
497 168 40 157 301 426 118 124 122 400 325 441 244 148 76 431 74 178 67 160 290 312 54 317 277 494 468 149 422 428 160 216 267 243 147 315 41 366 423 164 267 30 272 256 226 76 202 419 143 493 46 123 177 398 32 75 57 182 496 162 260 480 303 220 48 301 384 428 241 309 300 198 17 445 227 396 334 326 496 432 394 371 127 292 249 108 397 172 319 85 252 131 236 413 147 248 260 113 55 275 
22 88 371 173 160 312 450 128 420 32 244 418 213 191 22 151 317 73 177 485 430 61 91 448 474 279 228 263 179 203 352 45 83 133 70 91 109 442 160 396 380 199 392 350 339 353 367 289 165 25 135 110 454 181 491 342 142 266 477 247 82 7 283 297 96 210 259 480 7 133 359 286 155 128 197 456 245 133 346 274 194 260 41 470 348 232 46 217 489 322 403 440 368 481 48 0 386 413 74 125 
426 164 469 252 300 486 114 23 330 95 66 241 78 442 129 14 494 184 473 384 306 299 215 143 134 261 126 30 16 440 389 370 98 494 499 426 75 4 141 96 118 483 256 271 307 31 176 410 243 24 108 27 430 77 123 412 171 431 190 134 362 318 78 10 184 69 345 81 392 16 204 474 401 221 460 83 413 356 122 153 332 384 371 8 8 173 75 58 199 59 460 237 381 406 255 438 39 12 255 397 
172 417 5 482 328 253 110 38 239 75 482 495 467 148 105 56 0 165 293 185 62 429 116 170 72 130 498 33 180 199 364 425 379 238 246 272 242 204 62 136 441 413 474 213 243 416 240 82 142 466 195 423 373 238 349 369 479 49 428 200 86 186 161 393 55 273 367 447 452 144 451 52 219 195 48 339 489 200 54 96 251 321 475 421 367 468 45 216 458 19 96 135 361 14 254 170 290 485 278 171 
156 130 71 334 354 343 429 196 423 300 216 90 222 72 23 322 208 248 402 461 446 228 364 21 109 401 103 264 215 98 425 134 252 435 100 208 365 347 41 401 427 160 282 357 191 397 39 92 25 191 313 496 118 0 22 370 291 284 56 359 311 472 422 45 64 9 71 267 156 293 80 289 113 209 123 401 143 70 157 455 337 391 182 390 267 187 135 415 98 119 313 474 296 264 223 107 74 290 99 18 
140 103 245 257 216 357 37 365 373 397 48 124 360 126 140 119 228 241 271 448 150 239 229 109 240 264 449 346 0 429 458 102 308 260 206 493 472 429 134 266 453 353 351 139 275 387 101 494 113 483 234 248 228 226 209 101 255 61 223 278 413 25 38 342 160 383 365 404 241 234 415 295 35 442 175 27 117 149 363 40 114 295 27 424 271 382 349 462 264 343 211 212 386 128 316 196 312 390 131 227 
312 330 268 53 48 499 400 341 154 70 151 152 468 126 196 36 451 221 293 343 235 131 239 443 382 269 424 228 389 28 183 185 436 423 165 476 0 230 178 424 351 21 469 135 454 293 287 471 333 441 376 72 448 275 212 97 293 196 78 448 362 145 367 26 25 200 465 479 441 170 324 377 26 358 245 164 468 442 281 373 408 221 216 315 460 229 466 283 208 105 150 269 444 189 369 292 419 332 382 82 
469 419 232 92 2 117 26 360 111 287 198 411 132 456 119 446 210 275 109 139 373 372 59 481 230 440 43 45 387 209 14 446 27 177 456 448 488 86 446 447 366 406 25 9 354 224 478 445 74 263 485 93 3 161 418 12 288 474 243 337 393 362 314 139 67 209 361 421 162 465 255 324 493 445 24 418 385 352 305 237 348 408 405 61 199 12 191 198 70 272 366 49 59 343 85 404 354 181 278 404 
91 206 362 31 65 379 421 111 429 348 464 349 69 489 454 17 263 253 158 50 37 72 239 281 475 188 289 358 463 254 9 421 307 442 258 249 196 16 449 83 386 204 242 219 317 156 452 464 422 357 255 184 460 251 464 460 84 309 468 24 51 225 125 179 467 55 57 334 317 300 40 123 353 92 208 456 286 316 223 388 332 46 74 161 423 18 375 234 367 406 55 31 280 256 433 483 226 74 489 246 
165 203 202 311 85 436 123 46 414 317 291 338 346 493 486 377 287 143 81 45 122 91 334 487 396 272 478 356 133 48 408 155 258 297 338 214 267 340 328 381 484 267 451 117 207 87 56 207 27 268 122 390 419 229 477 103 455 334 308 383 162 471 284 304 191 254 197 192 45 357 290 225 325 374 272 53 391 162 164 364 359 327 78 492 182 362 240 463 55 333 438 136 219 289 209 375 141 78 156 362 
194 57 92 52 39 446 254 232 499 272 78 235 80 394 496 361 102 251 266 97 342 492 158 246 171 160 129 228 22 105 200 400 447 157 437 177 349 392 169 64 362 452 221 81 65 68 197 33 191 141 321 402 271 101 222 102 11 230 107 329 100 3 448 201 238 126 382 86 444 182 25 181 204 417 298 337 466 84 202 337 497 186 55 457 379 315 159 347 462 286 362 279 183 41 359 490 122 378 139 408 
402 353 102 8 178 369 474 80 480 476 301 357 193 64 169 208 477 122 197 186 140 172 395 397 390 281 56 211 387 315 236 178 306 310 379 493 399 187 459 294 382 143 22 200 110 129 54 243 189 74 336 78 126 340 434 64 153 192 436 403 482 480 89 72 320 55 341 107 143 235 121 334 492 49 131 499 312 187 420 95 184 323 311 240 123 65 219 379 412 271 167 290 49 204 1 176 385 390 208 346 
114 361 414 232 442 26 394 409 255 293 361 132 208 121 364 447 335 233 181 40 224 112 349 461 127 1 129 444 20 481 240 232 177 325 444 162 409 202 49 343 92 146 362 433 56 16 433 464 358 248 105 423 419 181 122 188 213 62 481 276 289 62 128 38 427 371 173 165 380 37 370 272 171 4 491 182 293 424 267 347 217 460 360 313 376 237 361 338 469 367 453 177 301 195 338 335 85 191 411 232 
388 396 297 425 462 230 204 473 337 361 278 175 363 402 199 98 280 371 143 0 482 272 293 58 242 314 300 481 65 229 91 453 275 133 116 54 171 476 40 71 379 371 453 285 445 394 269 109 401 45 352 89 73 153 136 277 115 414 487 56 18 109 300 364 467 277 6 166 429 74 197 83 191 403 214 72 269 132 297 51 282 50 304 10 149 66 203 255 157 323 303 469 177 404 444 374 128 117 186 62 
29 72 489 91 322 431 483 421 341 65 398 35 280 242 355 190 386 283 371 398 494 469 459 384 48 168 313 31 304 343 381 333 421 466 49 247 399 337 189 7 361 355 41 314 294 77 60 82 316 292 365 446 489 344 333 452 490 407 88 58 53 445 283 292 291 237 433 416 94 491 228 263 151 116 314 48 36 343 17 162 204 65 0 315 123 308 375 386 327 339 265 52 207 241 51 78 215 311 280 334 
124 439 303 413 1 406 461 304 66 160 20 197 241 487 11 59 383 285 202 189 348 402 264 16 248 421 423 320 195 65 352 376 16 20 16 436 395 39 274 22 417 16 102 212 11 192 217 181 69 31 238 86 196 478 88 95 98 468 29 206 202 128 295 95 110 405 41 104 243 238 200 319 236 428 103 254 295 497 291 479 61 403 107 128 479 437 363 108 328 466 310 375 93 270 378 146 59 368 255 214 
83 478 77 183 216 278 26 396 68 203 329 2 16 319 204 88 269 326 331 248 251 134 406 331 426 53 185 130 21 280 270 318 450 417 323 9 323 319 416 233 234 325 243 133 401 336 126 298 31 177 125 115 26 186 229 299 451 447 224 250 43 309 202 491 273 194 479 102 375 64 286 386 90 58 65 200 264 271 242 113 389 470 193 448 321 5 159 27 315 142 86 423 406 491 170 102 407 397 204 174 
464 427 150 267 431 84 214 137 162 110 422 377 197 169 406 164 188 3 115 286 355 309 485 169 208 426 32 275 404 330 280 307 492 390 28 275 409 298 231 282 230 335 6 264 205 418 222 282 384 192 182 177 109 300 287 379 124 82 378 425 244 245 373 228 409 264 178 371 141 275 8 151 184 365 340 431 124 345 483 499 280 221 20 216 40 182 177 158 107 223 37 224 68 378 236 103 243 424 55 234 
170 345 289 401 249 111 2 297 290 258 118 418 61 496 453 50 5 277 226 213 455 213 109 370 479 181 241 205 296 384 154 141 236 283 242 59 228 123 309 336 272 217 443 16 186 294 113 47 91 48 128 161 246 285 393 80 242 251 148 481 186 451 476 87 471 45 314 331 237 280 349 48 297 462 162 444 195 491 99 332 278 479 193 25 332 233 195 368 12 238 337 252 376 301 453 93 472 71 414 58 
168 294 410 190 254 218 62 228 368 296 213 357 474 234 86 238 179 151 357 2 213 207 271 281 303 138 324 238 494 286 267 226 494 441 52 274 261 155 320 297 138 211 329 293 320 194 91 104 497 265 388 6 125 403 303 437 286 70 31 359 222 292 446 227 230 365 70 371 332 395 464 493 444 146 256 373 311 453 148 334 378 137 104 231 457 356 173 263 153 1 248 280 34 410 186 93 205 42 498 78 
139 40 142 296 234 35 37 317 408 324 245 280 116 389 21 249 416 244 437 408 44 435 192 420 240 408 70 262 290 12 102 210 84 412 390 93 109 416 258 171 33 67 293 472 429 247 158 425 66 225 307 232 180 208 279 152 308 75 301 85 169 415 191 180 465 9 60 145 139 192 201 474 236 391 58 307 469 266 308 415 435 177 382 466 288 488 161 407 168 73 204 280 338 223 236 351 274 49 195 156 
479 331 155 16 261 254 154 96 38 101 463 362 480 459 311 215 444 44 298 142 378 356 187 476 338 277 251 184 161 499 388 165 126 96 180 382 46 298 318 285 450 206 119 203 85 75 166 258 269 206 45 68 226 18 82 476 20 175 250 359 244 7 155 424 54 157 268 447 461 378 173 498 60 168 276 397 24 48 103 16 158 175 67 190 158 177 305 420 12 191 450 347 30 401 60 290 350 477 219 344 
34 333 465 232 73 139 170 197 343 352 434 316 356 448 264 36 52 360 123 430 291 123 107 144 224 29 127 295 415 352 32 228 219 417 252 391 200 335 272 74 173 406 55 395 149 119 4 389 480 346 193 192 108 373 409 272 225 187 391 342 388 214 444 12 206 365 19 250 233 108 59 97 379 346 249 93 335 154 426 57 404 365 59 106 295 439 352 5 93 83 349 12 293 256 463 167 270 165 334 297 
44 339 475 286 483 24 385 425 93 312 372 142 22 324 81 177 193 155 399 179 84 445 45 24 394 304 333 422 224 216 153 90 246 274 4 220 208 241 219 83 76 185 220 265 153 115 43 84 257 184 215 119 347 181 215 471 36 19 266 261 199 136 283 394 298 262 61 272 431 279 395 97 319 0 319 273 350 114 44 417 451 254 272 440 493 415 107 389 142 393 245 459 363 257 422 120 204 447 104 301 
462 139 408 472 98 283 253 372 323 145 341 97 51 461 242 283 62 488 196 185 144 251 224 316 240 125 348 10 49 110 323 192 72 466 108 19 270 389 110 490 179 212 275 30 182 232 301 44 255 454 8 139 55 479 425 426 51 5 498 56 424 325 111 120 425 458 461 292 269 274 213 44 251 303 339 456 439 61 128 410 235 319 453 13 198 103 41 99 211 377 124 319 269 2 132 54 382 193 56 415 
42 226 392 314 37 123 348 59 303 308 372 94 326 301 296 364 441 441 499 207 65 401 169 35 301 183 90 182 462 33 137 457 110 133 209 263 460 90 37 393 29 127 185 295 245 70 188 235 429 415 1 415 115 222 359 347 47 174 84 251 417 488 263 126 43 448 197 452 140 305 225 157 149 311 223 310 207 276 171 231 189 276 445 106 295 198 340 308 347 450 23 265 124 316 116 269 256 453 159 160 
90 121 353 221 43 180 110 118 320 289 63 211 453 376 272 493 269 371 381 305 86 247 284 290 154 227 30 374 137 69 405 228 17 68 213 98 136 191 241 64 353 156 413 329 338 130 390 276 55 299 334 207 227 169 12 107 275 376 426 375 459 477 441 483 361 396 21 171 395 362 482 176 305 409 317 221 234 288 175 178 139 420 439 485 242 187 58 63 415 171 76 38 233 259 48 314 151 336 41 0 
64 46 199 77 68 28 491 92 80 233 311 484 469 224 55 20 451 35 41 24 199 432 444 307 355 28 474 97 414 299 192 55 272 428 497 148 194 208 307 126 389 109 145 197 115 81 396 64 451 117 48 114 410 463 273 303 194 33 7 267 338 415 247 173 386 58 448 488 236 95 452 342 455 464 66 382 347 146 292 80 417 95 440 214 29 284 465 249 197 353 367 16 4 63 366 105 86 54 431 294 
369 85 39 205 381 143 198 126 128 451 464 369 70 270 313 32 463 95 306 47 160 95 81 294 490 267 61 237 133 95 28 249 198 252 229 283 351 356 401 274 83 316 483 138 404 6 463 263 280 116 401 234 156 273 75 106 271 303 464 401 330 461 285 330 290 121 371 318 326 344 39 194 31 473 275 40 34 267 226 127 280 479 277 492 264 194 383 451 476 395 58 498 257 67 23 0 105 468 136 465 
77 251 443 45 452 406 150 62 77 82 173 370 120 301 280 177 180 266 437 115 435 19 216 140 342 91 334 16 335 214 79 246 189 18 218 244 290 11 42 405 467 345 113 257 419 376 408 248 412 497 211 410 171 295 431 310 290 344 473 194 29 333 375 362 288 415 437 230 382 168 233 105 447 250 322 351 29 253 247 110 209 191 144 173 137 327 276 169 384 434 274 301 466 410 17 116 84 84 405 236 
259 9 127 141 305 123 116 466 123 393 267 271 434 288 447 496 443 471 486 480 185 105 267 434 354 318 457 256 293 495 473 249 150 42 18 365 410 322 243 174 408 42 329 182 228 256 33 262 399 496 144 452 332 397 453 212 62 376 195 172 477 150 152 282 405 64 12 39 404 69 258 376 448 326 108 435 42 467 354 147 205 384 453 397 241 451 372 244 153 315 118 122 246 220 297 371 146 281 411 328 
246 190 419 424 40 388 438 228 372 321 330 281 59 372 238 70 176 5 32 429 119 389 468 42 483 137 161 75 81 387 61 43 469 304 484 497 371 284 1 430 26 87 348 154 287 109 407 331 142 96 444 460 345 29 139 9 421 468 268 246 416 288 467 129 119 167 450 32 57 89 334 359 393 363 106 478 141 458 24 486 26 129 357 17 213 151 112 7 335 115 182 226 253 74 252 213 87 331 48 488 
179 293 397 399 368 314 194 490 103 34 41 440 188 338 487 71 234 82 218 391 9 273 166 412 388 84 126 21 274 448 52 82 475 367 198 146 195 205 49 217 15 367 189 280 373 61 90 119 109 172 215 425 111 6 454 195 7 337 183 457 463 2 396 90 116 499 168 299 127 167 39 445 484 4 161 227 64 160 390 412 240 180 406 51 50 478 48 20 300 339 140 335 142 309 325 43 195 57 56 234 
263 91 35 479 207 368 465 416 93 173 79 31 418 118 286 78 313 150 225 326 78 273 101 104 183 285 283 229 238 393 267 468 247 43 147 457 111 173 497 349 337 395 120 7 168 447 400 461 433 116 193 107 350 75 218 91 235 178 486 229 464 307 286 425 0 114 485 431 52 310 5 474 447 257 250 433 368 73 216 326 289 233 200 347 51 93 334 61 221 69 386 379 21 352 28 168 289 263 166 84 
47 387 356 344 155 489 101 192 168 353 249 441 233 29 461 92 45 427 379 157 181 136 402 74 450 490 184 134 158 248 6 53 74 192 307 419 274 186 417 389 72 163 477 447 1 61 429 103 392 125 399 389 164 88 495 467 22 170 173 202 463 192 361 266 8 34 199 334 354 276 70 188 46 256 154 160 106 251 328 474 313 183 63 249 297 306 289 197 170 289 160 393 373 319 54 210 146 399 25 98 
66 251 275 44 256 438 193 303 335 89 350 285 455 81 391 30 484 464 252 233 216 457 37 331 99 149 146 325 22 456 100 358 351 203 414 134 258 395 394 473 56 162 423 176 163 248 290 4 442 36 248 263 486 272 244 119 166 70 201 149 23 393 159 439 467 324 405 193 34 329 141 405 486 121 479 274 207 326 290 278 234 397 216 70 427 241 109 161 372 35 287 203 37 79 21 73 213 370 136 250 
302 358 437 280 311 488 221 231 21 140 1 405 432 486 262 123 184 391 311 74 136 94 172 270 345 328 359 327 469 430 233 285 170 117 408 149 70 114 286 492 1 35 192 308 153 41 28 485 96 396 456 382 379 132 164 187 386 210 1 213 124 458 91 141 136 386 332 205 108 147 350 293 165 33 483 320 128 433 163 477 163 215 426 480 339 366 270 285 332 203 127 421 413 475 341 346 470 464 270 280 
319 102 57 89 35 340 346 412 329 366 246 406 314 452 298 137 295 110 307 218 480 273 37 472 384 334 84 293 63 333 242 149 138 97 286 397 255 179 408 1 76 340 167 141 172 195 231 64 375 478 487 362 125 99 114 337 326 485 424 58 468 188 83 193 82 311 191 488 431 185 115 303 466 223 280 305 289 16 239 114 448 484 366 386 419 76 167 353 410 178 201 312 236 173 19 199 442 489 158 427 
65 480 65 49 174 483 411 315 109 167 488 279 265 406 396 214 478 50 88 271 48 64 26 448 7 184 356 132 322 277 44 301 388 399 443 272 153 384 153 111 77 116 231 190 50 422 104 97 347 80 121 13 269 90 213 185 189 30 59 59 174 84 209 187 25 226 356 215 202 291 341 352 260 315 376 156 143 242 451 240 266 406 398 71 340 270 112 464 83 1 444 225 423 222 248 489 27 461 230 227 
361 434 274 295 423 396 379 88 393 209 169 174 365 56 206 454 145 251 8 285 148 106 447 281 376 264 31 330 142 320 107 367 286 74 291 183 256 207 156 343 264 463 226 188 242 434 114 202 77 245 493 135 40 301 355 252 349 184 124 395 278 467 189 264 410 108 202 285 381 349 402 148 458 12 94 58 152 196 115 334 106 260 90 62 112 259 113 70 471 255 136 391 76 282 490 490 476 494 281 392 
346 64 470 140 261 160 212 155 279 482 318 475 483 476 365 139 107 134 213 74 449 118 107 247 31 362 414 256 272 26 76 321 393 118 368 362 36 347 258 71 4 77 190 424 301 333 80 158 269 496 107 245 499 208 117 254 372 17 23 450 167 362 373 180 196 453 384 463 156 309 446 423 134 51 314 122 434 139 40 6 431 163 27 202 454 328 481 389 485 240 423 66 36 192 191 64 319 231 498 303 
339 150 193 119 138 121 393 149 65 34 249 292 424 405 361 242 385 116 485 455 188 44 380 1 371 339 53 129 56 59 273 345 83 270 186 90 178 256 484 224 422 491 215 184 472 437 384 32 212 271 183 281 225 83 44 334 172 191 452 20 97 296 162 230 428 438 47 293 348 138 263 243 314 312 449 337 496 459 457 149 400 361 100 183 34 267 116 242 252 235 420 441 325 484 433 469 28 252 470 440 
168 365 62 476 324 170 201 199 343 118 328 309 455 17 264 268 485 218 255 120 3 293 153 315 321 342 46 215 281 378 85 266 316 52 297 364 116 34 453 11 21 280 329 135 200 205 438 169 105 474 403 194 323 480 190 431 288 378 9 331 395 346 290 299 206 226 235 494 131 202 194 233 270 256 180 160 32 488 392 309 351 90 422 368 230 84 468 493 162 12 254 18 424 486 453 360 141 169 33 51 
