304 418 420 350 463 325 474 473 106 135 498 70 132 403 494 251 209 142 274 140 148 345 317 497 395 226 6 288 114 462 432 121 151 84 374 3 128 40 121 414 457 182 323 69 48 348 452 201 50 5 167 111 111 32 371 135 253 340 207 161 233 225 227 37 275 19 440 21 244 221 373 114 160 361 31 359 145 117 298 300 276 105 213 459 6 340 79 91 495 281 183 478 218 283 438 309 106 326 499 225 
311 60 187 236 184 154 397 36 291 227 443 199 125 231 275 480 64 303 269 197 282 65 78 230 88 146 304 177 187 443 434 190 257 428 103 49 344 342 434 221 354 409 457 459 377 233 222 299 409 400 461 231 282 40 271 202 219 1 455 22 35 137 331 17 475 147 281 264 464 110 158 57 59 306 490 279 354 65 426 260 130 95 223 302 277 386 416 397 488 251 65 364 12 44 312 365 249 20 0 234 
217 132 321 213 94 84 316 268 462 473 459 34 9 264 10 236 293 383 363 148 162 18 271 362 297 97 202 115 289 335 162 182 50 258 179 381 73 318 325 405 113 111 432 14 456 35 435 193 201 143 5 6 169 137 257 120 339 326 97 439 5 61 17 278 223 131 455 276 42 336 298 347 333 426 427 383 111 252 427 45 185 74 202 316 169 124 327 348 440 96 97 300 0 112 242 23 77 227 414 371 
240 378 366 390 392 429 258 118 273 440 299 34 438 221 317 482 215 247 440 159 139 139 234 187 270 389 24 403 459 353 20 465 32 204 247 237 173 270 246 219 402 373 258 11 499 226 416 395 54 222 410 80 92 216 347 75 8 276 281 202 297 455 473 311 281 486 347 233 301 392 447 173 422 240 323 34 452 494 101 204 363 445 399 273 0 221 477 233 333 70 475 451 331 236 245 489 243 148 123 93 
283 107 188 260 150 214 437 304 158 334 213 384 477 64 192 42 70 116 205 220 61 281 228 19 346 304 43 298 102 26 419 478 99 23 463 53 133 449 361 124 92 116 328 400 196 175 193 136 358 459 272 353 437 443 474 414 437 63 313 134 471 208 235 419 345 384 106 380 311 15 279 243 202 46 490 471 444 323 193 371 233 108 233 472 328 462 305 355 245 249 465 347 425 463 350 357 394 462 118 92 
53 498 191 280 89 159 282 378 414 34 338 42 338 53 375 440 370 36 203 398 220 235 220 342 432 309 274 371 429 434 271 298 422 132 216 264 56 358 222 156 153 17 122 50 129 352 453 145 324 3 463 277 129 151 461 54 157 448 293 218 447 234 341 434 142 168 399 130 291 77 132 367 137 233 430 202 375 392 460 1 377 225 36 361 9 266 114 436 423 26 84 490 218 203 303 387 134 305 65 455 
491 151 269 360 343 52 498 447 387 161 160 441 181 241 459 433 250 448 337 203 286 445 478 490 96 478 443 141 12 157 496 223 431 176 429 477 334 100 450 140 57 211 321 196 281 307 424 410 247 94 28 357 391 51 125 395 245 293 243 133 287 355 256 21 431 420 143 118 442 448 261 46 321 194 374 443 416 127 439 123 476 2 317 158 417 106 59 288 103 218 156 359 160 479 103 149 123 411 377 170 
356 383 261 301 124 362 96 497 254 121 203 38 226 2 340 391 400 157 206 126 192 151 173 374 265 289 107 13 416 45 169 82 227 375 432 216 25 263 428 120 427 461 465 263 96 289 471 400 341 164 304 308 76 94 256 187 429 297 230 422 333 318 260 290 403 143 343 476 129 81 348 332 424 463 362 315 194 390 84 16 131 71 18 339 397 378 135 365 141 463 50 367 371 290 126 21 124 87 181 440 
82 296 36 251 464 463 147 118 476 167 293 328 162 1 95 131 41 130 476 1 83 428 0 438 408 354 14 27 327 359 292 109 310 257 214 210 196 209 467 235 443 311 408 251 414 64 405 271 7 384 481 443 333 350 131 171 66 268 374 353 143 255 66 122 353 338 300 340 194 434 49 139 371 346 318 190 368 84 202 220 72 467 90 98 199 34 385 207 81 357 424 263 365 359 89 260 490 88 256 22 
428 352 8 405 418 396 342 305 163 331 59 113 91 39 249 362 148 37 52 362 195 10 121 116 212 399 259 211 117 84 472 435 366 361 45 322 450 417 38 83 368 62 240 423 196 128 332 425 40 397 277 91 466 481 425 457 332 356 364 70 138 232 113 9 330 303 52 282 446 197 0 232 209 445 325 101 331 290 293 228 235 300 360 259 262 360 264 193 337 424 46 341 37 42 114 236 378 276 201 120 
431 356 25 289 148 400 245 204 253 485 246 10 450 180 417 369 29 66 69 185 232 212 331 402 75 389 345 97 226 322 320 240 471 114 181 242 1 64 126 159 29 469 116 28 399 191 487 66 225 82 278 121 448 349 333 266 128 176 212 96 248 167 392 295 448 255 4 406 314 251 370 375 4 331 26 33 425 431 196 169 118 30 293 444 381 373 86 128 42 177 92 28 54 286 183 237 322 432 33 122 
333 263 38 60 368 25 374 99 329 218 18 103 90 325 291 86 320 310 443 318 283 263 365 446 375 334 147 265 291 359 278 450 158 346 345 401 91 72 254 290 77 83 86 468 231 215 148 41 16 166 143 76 358 102 147 193 408 185 325 148 442 85 53 313 387 234 289 191 417 57 35 195 60 6 116 39 280 316 279 322 113 131 280 283 52 498 57 370 8 462 376 329 328 491 339 51 282 70 56 129 
204 430 357 194 367 415 479 197 218 308 301 472 488 340 332 191 496 283 185 101 495 201 350 161 390 324 388 369 263 249 188 324 90 245 24 422 281 490 97 229 103 203 103 285 372 412 400 495 330 157 121 69 313 154 109 136 77 395 491 191 176 385 307 23 255 349 148 308 442 91 348 332 42 113 307 81 497 453 400 263 274 420 230 178 139 325 210 153 149 82 338 0 103 37 426 115 457 189 308 267 
258 294 161 341 448 482 274 205 219 478 440 205 361 437 308 125 40 363 257 485 408 396 459 269 247 445 444 396 466 315 89 276 30 159 84 1 51 319 99 61 395 219 443 202 166 402 190 398 281 434 10 347 8 144 283 261 9 369 347 69 433 106 43 67 449 159 89 463 122 266 384 272 236 428 491 281 77 380 182 240 320 387 349 292 340 468 314 497 483 481 5 479 215 6 494 163 208 284 195 484 
245 264 463 22 151 269 210 104 27 232 358 420 279 287 237 83 413 143 488 325 160 437 143 109 319 59 466 344 389 439 79 32 49 86 177 253 279 86 421 475 491 416 495 497 206 180 27 357 10 473 280 44 257 110 373 352 261 141 290 148 6 13 37 410 205 102 102 194 384 12 296 107 293 226 141 20 76 27 191 353 459 398 99 14 120 318 391 239 333 496 231 168 499 340 449 367 1 54 282 68 
158 89 322 120 498 320 79 329 60 309 321 60 400 386 430 120 56 98 48 479 176 164 57 259 270 10 351 22 430 441 300 385 26 78 413 41 53 424 331 55 493 185 361 266 322 42 150 2 69 435 282 115 241 17 76 295 81 254 131 404 135 166 173 217 35 456 331 3 146 57 419 87 400 262 374 202 184 32 218 359 288 27 183 172 257 295 260 176 459 55 28 449 268 199 226 357 197 145 461 81 
278 142 336 68 239 366 81 9 331 125 289 380 72 327 160 278 494 71 121 95 57 383 171 232 25 71 481 389 185 91 271 456 296 401 346 202 394 304 250 466 113 154 254 276 441 432 276 432 342 479 174 463 222 349 308 469 183 182 466 420 366 344 385 19 324 153 449 183 407 100 73 226 428 49 10 320 76 457 217 79 161 257 136 22 230 85 271 285 329 264 179 351 268 14 278 499 262 50 112 261 
288 190 326 116 288 75 457 4 120 161 249 70 425 203 263 497 286 403 316 212 60 113 154 69 116 120 48 300 359 308 77 444 436 262 173 105 443 97 231 379 145 362 30 94 388 255 11 446 20 99 246 385 51 357 397 255 61 398 177 465 174 11 50 229 216 452 129 337 495 42 204 254 116 483 66 282 382 375 339 109 495 149 290 421 326 28 378 112 183 299 466 215 8 344 244 208 150 380 99 291 
88 437 215 228 459 468 290 175 13 397 481 358 464 13 260 235 149 382 109 137 490 493 102 373 44 17 143 424 460 78 71 391 372 144 413 426 33 477 413 185 203 252 367 479 345 367 356 224 133 116 304 46 151 363 199 440 474 111 394 250 26 62 189 471 153 354 378 227 351 118 73 131 451 168 434 359 249 336 130 388 397 452 446 150 65 473 147 323 302 74 223 45 423 101 180 464 438 91 194 268 
359 179 24 474 266 241 122 368 448 490 253 402 177 215 486 214 257 139 496 303 345 115 284 462 119 105 430 253 84 247 449 12 232 468 107 81 3 131 374 439 411 154 287 46 218 330 381 329 446 126 180 68 462 112 274 408 82 239 369 88 294 10 235 412 2 205 50 229 294 98 336 223 301 65 142 313 75 15 91 76 316 108 487 213 325 475 89 352 405 116 390 129 244 168 111 176 434 326 433 333 
119 234 190 200 138 441 315 31 384 360 44 326 175 318 291 474 151 443 396 249 375 62 165 177 458 341 142 339 451 20 491 182 431 231 321 340 479 488 225 471 58 320 171 476 64 96 118 229 3 159 333 80 208 123 289 208 273 249 128 158 138 385 278 239 333 77 385 133 235 321 378 46 320 342 409 178 414 339 118 27 185 261 306 117 49 22 444 33 336 444 373 180 309 275 232 145 170 128 6 363 
14 307 396 272 474 316 163 375 353 85 21 295 349 288 192 155 468 2 464 176 303 311 148 246 174 452 450 108 97 341 79 339 353 496 292 144 333 389 106 267 438 92 216 94 424 76 371 479 236 453 270 35 411 296 231 183 369 202 307 83 350 234 469 125 483 187 162 458 288 77 117 115 384 135 406 435 185 97 459 200 278 14 402 412 475 485 168 380 456 451 141 327 209 392 277 76 296 360 490 259 
311 228 111 167 139 365 489 428 417 83 308 151 220 41 20 251 87 488 208 481 465 417 102 75 499 36 141 36 380 443 112 427 382 290 471 194 276 224 407 93 251 438 273 492 345 302 171 405 152 55 103 153 315 459 464 168 87 413 133 411 252 116 19 249 62 275 50 493 330 63 261 128 59 94 447 102 134 353 489 329 117 496 108 321 391 189 117 121 457 174 99 126 319 471 20 422 222 295 8 420 
497 450 235 330 97 83 426 421 494 126 260 460 10 457 485 468 200 399 342 287 65 1 117 368 490 120 348 281 243 258 169 50 401 436 437 446 130 269 42 146 493 341 89 70 136 413 424 335 482 364 2 498 484 173 272 343 295 319 12 339 387 245 165 19 363 23 22 321 233 116 94 497 163 131 236 106 378 207 426 149 406 310 351 189 294 337 384 283 465 345 255 444 160 326 59 488 398 159 304 250 
27 153 156 485 197 342 80 389 396 213 459 235 262 445 259 473 189 439 9 213 153 420 328 155 146 478 225 105 379 274 213 127 442 274 302 111 214 307 86 414 199 206 226 404 112 155 451 297 107 22 439 145 213 181 174 173 203 474 233 77 213 249 34 24 260 441 309 203 262 39 107 318 33 490 437 457 372 45 271 90 331 230 237 150 388 285 90 301 309 184 392 369 128 412 439 154 233 444 457 40 
86 300 381 109 33 5 34 254 153 471 451 115 422 3 169 57 154 66 456 19 448 314 49 236 120 111 183 137 495 177 298 498 321 36 233 6 68 487 198 446 31 433 74 313 18 186 1 485 112 346 40 485 146 167 218 423 78 303 180 232 424 95 119 174 103 137 106 65 360 5 113 406 474 452 78 31 37 381 42 275 93 392 229 457 13 110 485 234 317 266 424 340 243 21 141 456 157 481 334 251 
136 261 431 101 147 226 285 258 243 329 31 94 53 151 301 371 237 381 371 228 313 390 32 36 221 77 160 255 474 427 99 472 472 256 344 184 373 405 140 86 407 102 482 135 180 93 346 36 476 11 168 490 43 117 276 1 169 286 172 276 402 247 206 239 221 323 475 170 440 387 438 354 381 69 373 310 323 365 381 204 44 132 136 127 338 37 244 90 479 164 409 442 21 197 311 473 314 392 257 260 
29 254 329 435 61 232 457 126 257 331 237 462 492 244 75 39 226 452 179 336 52 131 375 274 72 248 494 234 227 497 54 18 51 69 383 448 424 161 222 43 419 35 136 110 453 375 216 348 200 420 411 107 134 439 5 11 222 322 114 257 481 464 2 459 42 75 258 82 453 486 392 351 208 41 453 54 101 189 332 268 410 408 154 482 19 136 312 418 68 323 456 150 175 259 241 159 234 2 192 4 
480 245 159 91 184 325 343 371 195 414 163 467 403 404 13 146 43 406 240 319 133 333 193 198 417 140 110 452 324 293 82 451 113 465 254 66 103 347 155 16 228 110 185 210 220 272 407 190 353 461 5 25 137 421 43 289 164 469 490 459 363 72 443 103 309 77 110 366 382 15 89 347 82 206 146 213 299 432 414 347 177 150 23 409 460 103 150 254 183 437 461 63 172 447 413 279 496 347 431 107 
364 221 196 132 144 388 493 287 467 448 460 292 483 151 17 62 179 111 244 66 482 336 375 166 194 10 442 208 252 102 389 430 90 38 150 48 382 285 448 428 321 368 95 306 88 210 144 405 297 394 207 300 221 22 320 464 69 497 175 489 399 234 428 231 26 20 241 143 273 18 233 498 311 456 485 77 387 401 332 345 478 346 240 245 265 451 387 410 365 433 304 399 336 39 459 429 302 173 382 104 
176 109 41 342 88 424 418 432 284 402 13 83 351 349 199 292 361 179 370 480 311 252 445 85 8 73 399 273 10 483 105 332 155 380 31 299 261 200 268 375 496 219 319 75 167 461 292 10 498 58 331 441 330 107 297 140 169 296 132 194 400 352 294 294 195 18 173 263 336 429 97 283 318 230 153 336 178 460 347 339 47 308 339 50 311 367 450 491 122 197 314 221 386 198 452 171 215 238 133 422 
244 469 251 440 322 338 424 334 261 373 43 394 84 481 429 122 264 382 74 11 244 398 337 369 112 123 241 478 287 162 316 453 381 362 496 38 161 314 9 403 255 139 486 164 337 462 375 230 167 417 498 212 193 320 328 447 76 174 135 444 491 205 398 56 36 130 221 139 29 264 17 324 392 184 58 312 43 465 255 469 156 257 133 245 168 484 153 19 280 383 231 169 452 383 255 222 192 283 361 486 
169 123 335 212 137 379 336 375 213 40 46 460 61 97 281 403 485 8 446 172 115 230 49 392 141 276 303 200 29 240 314 457 130 427 314 128 345 80 211 296 475 333 264 347 376 116 360 153 201 78 276 287 402 179 388 262 271 100 425 297 388 172 290 340 278 44 309 3 300 323 233 196 466 326 197 297 288 444 144 68 219 476 287 267 424 374 10 66 205 367 242 42 35 201 122 29 20 406 413 447 
250 396 32 31 169 329 65 2 182 192 23 199 451 320 286 5 89 443 221 233 243 153 110 290 437 394 262 125 76 45 454 168 336 499 397 468 308 488 359 179 65 420 278 399 426 56 355 452 305 194 218 134 337 438 425 350 447 35 50 70 479 94 32 96 125 316 200 280 492 46 345 68 445 368 272 464 410 234 76 317 337 187 85 246 448 231 15 394 155 124 141 284 304 247 447 216 417 247 433 182 
67 311 449 433 186 296 491 365 290 465 38 99 180 430 490 452 115 406 479 277 308 377 117 487 172 301 38 43 369 177 476 227 464 190 443 292 153 376 341 179 455 461 29 287 490 112 220 45 386 137 154 452 47 226 408 110 281 385 78 74 136 132 292 178 420 193 229 460 101 264 279 157 147 266 340 429 352 439 220 457 158 230 381 358 10 15 31 225 109 225 379 104 499 162 2 136 453 123 50 39 
215 332 149 424 345 24 37 328 45 497 18 259 138 327 233 460 195 144 158 45 212 79 489 215 200 493 310 180 194 420 349 122 106 400 415 11 378 175 150 313 241 424 262 468 310 94 25 245 330 122 44 422 188 373 424 247 145 107 76 191 248 321 39 324 350 5 428 395 152 295 180 235 345 274 488 167 203 337 304 494 70 475 371 383 183 65 471 297 434 126 476 297 333 160 304 53 415 129 394 119 
86 24 203 471 152 277 48 153 424 459 121 475 463 448 365 329 189 210 156 21 93 196 341 193 215 106 332 11 466 242 99 172 405 335 423 420 154 455 217 361 161 391 33 15 253 198 179 299 436 196 201 330 44 408 356 252 434 427 278 115 326 258 256 218 187 262 387 275 272 471 356 368 343 203 64 430 149 399 281 46 6 11 407 161 206 33 325 253 109 224 36 348 283 311 160 256 479 246 76 216 
317 473 213 390 13 294 242 365 482 141 295 121 22 474 469 205 124 97 172 153 404 427 0 212 286 479 229 463 213 488 475 214 101 93 388 50 223 360 63 184 316 263 428 57 421 471 393 483 37 35 441 475 63 266 339 467 442 60 497 190 98 54 301 498 328 375 369 113 337 233 330 42 339 284 314 258 413 253 149 199 113 71 28 456 339 139 153 166 91 333 390 394 385 382 317 123 363 115 227 250 
68 41 244 352 240 174 399 267 329 137 482 420 448 305 216 472 99 208 349 117 197 258 378 438 138 435 214 98 33 325 155 42 135 12 349 354 63 188 252 269 466 269 68 202 335 89 142 38 451 268 1 151 457 11 162 131 466 44 187 258 327 429 269 440 339 243 121 239 82 190 328 391 10 166 391 90 225 260 294 310 83 142 487 161 190 251 453 117 324 375 473 428 428 371 233 305 254 356 4 27 
235 64 437 98 384 140 367 456 267 64 84 353 32 60 424 258 181 320 389 215 176 191 472 223 180 239 99 405 306 344 17 495 385 178 273 29 360 104 219 159 499 2 471 139 306 45 128 115 373 42 456 154 66 284 392 16 355 410 306 415 427 300 77 175 325 44 118 269 487 336 336 352 463 487 341 280 27 453 455 160 442 455 263 301 47 118 409 239 458 402 380 383 127 110 444 390 41 426 406 470 
160 414 182 478 55 449 392 258 133 8 460 344 188 12 38 165 322 185 202 311 348 256 267 266 232 32 6 489 183 304 157 227 15 12 153 434 133 2 481 4 299 230 240 143 340 453 361 393 32 309 153 177 349 157 464 160 110 420 263 343 95 107 13 276 305 372 149 480 255 204 84 84 49 7 323 95 321 162 467 78 468 450 180 340 214 76 354 336 171 160 343 81 280 209 0 30 289 100 73 327 
137 369 260 171 488 291 277 185 19 8 410 415 162 96 440 25 390 360 247 439 409 3 217 391 206 472 268 237 307 406 67 248 153 219 191 380 227 135 174 499 447 73 128 241 262 371 288 283 217 147 461 21 91 68 254 412 465 202 47 356 12 257 273 38 377 464 479 467 459 421 250 341 80 427 450 104 389 196 390 387 499 484 45 41 66 273 166 417 382 425 458 184 331 61 304 249 345 27 9 330 
418 366 84 307 54 48 287 387 46 321 108 169 469 403 327 99 457 365 61 93 440 379 8 497 40 218 43 227 483 48 357 270 386 19 421 16 434 402 441 383 13 404 275 484 251 383 291 168 236 460 354 457 51 254 23 138 423 264 344 302 149 115 183 234 491 294 277 380 247 168 330 59 347 91 299 445 431 122 309 432 152 238 163 48 323 453 481 395 77 67 61 134 126 32 266 304 367 405 404 300 
181 473 228 24 451 204 484 455 295 31 68 142 495 211 142 431 257 95 483 197 177 327 20 104 163 51 8 472 464 394 326 236 317 431 25 257 5 321 441 407 250 239 414 263 371 223 380 425 317 18 481 112 212 308 83 420 398 408 159 407 310 443 266 135 466 333 234 415 270 160 20 252 436 52 309 398 464 255 273 107 125 5 279 347 176 410 46 241 437 19 360 113 475 27 453 238 100 223 486 294 
281 268 499 199 386 263 33 256 1 45 149 149 271 288 68 55 147 62 15 324 8 52 103 305 77 454 119 308 387 57 303 329 154 257 235 247 95 148 292 257 218 470 107 406 466 351 430 224 281 326 292 412 338 356 35 304 275 400 464 134 388 275 19 133 49 71 16 385 220 164 373 156 235 7 484 330 155 358 27 285 241 63 187 274 279 493 354 105 78 336 228 28 358 301 127 421 403 289 169 429 
75 213 219 153 413 390 388 95 440 189 376 310 39 234 474 201 147 244 178 345 1 104 350 57 18 472 471 122 267 21 456 146 210 184 359 90 191 29 359 198 319 173 417 244 195 165 469 10 419 106 212 300 408 108 276 81 210 374 283 231 470 243 175 401 297 182 173 176 321 126 477 94 56 388 405 207 345 214 458 40 266 289 316 385 171 118 184 253 12 44 146 189 347 261 363 9 238 26 429 302 
100 451 57 61 234 95 254 226 98 104 424 425 252 419 433 460 11 203 259 445 392 235 230 111 118 448 24 383 63 447 50 261 135 175 385 403 473 3 190 434 446 158 426 282 442 407 129 490 423 299 421 88 245 377 393 218 11 276 434 423 32 199 10 456 78 461 247 181 249 70 366 406 155 498 457 293 486 309 86 79 448 406 325 139 431 155 44 370 67 86 104 16 295 481 435 229 125 415 436 211 
3 438 18 91 39 379 13 358 307 432 109 274 240 357 400 78 470 202 246 138 137 244 248 146 202 405 306 296 321 132 480 368 65 461 270 112 221 85 94 240 214 34 390 264 429 350 7 140 42 97 417 163 349 255 152 18 28 370 259 283 217 112 410 285 270 445 329 430 370 304 435 120 413 318 437 73 27 151 312 85 60 403 323 28 448 188 1 128 246 422 477 451 446 383 460 117 303 445 293 485 
233 252 10 42 107 472 181 472 16 354 183 234 292 366 158 226 417 173 54 495 219 356 70 474 451 377 132 277 318 197 376 52 102 245 25 1 393 132 139 33 34 389 262 359 4 213 428 120 88 480 5 396 7 148 496 432 452 54 203 4 162 152 183 352 45 431 229 321 26 150 448 309 420 51 387 95 126 388 262 483 70 404 316 166 366 295 68 9 481 243 381 223 76 212 365 476 247 95 33 83 
494 94 362 456 399 431 440 31 209 15 407 495 282 145 189 398 481 167 486 100 419 66 413 490 495 28 36 157 363 47 159 123 409 445 257 269 202 223 267 314 74 470 1 207 224 162 326 172 195 157 69 473 117 52 249 44 51 396 86 34 201 432 293 68 116 237 363 221 373 486 453 349 164 309 298 347 404 321 131 395 280 105 223 1 311 258 375 186 36 400 333 424 42 31 361 71 350 383 330 191 
305 308 85 331 351 304 371 285 447 281 318 231 473 68 238 268 14 338 480 239 403 269 443 247 13 186 289 40 43 48 91 396 360 413 489 445 471 443 484 26 216 302 298 101 133 280 27 497 281 282 24 52 103 249 204 98 18 39 242 174 288 74 2 31 289 321 491 435 21 430 181 257 424 208 450 449 120 499 390 17 212 444 203 228 177 1 490 213 310 132 351 197 140 327 39 397 113 420 388 300 
156 186 465 496 58 192 463 278 419 355 443 331 256 246 180 432 431 401 95 469 148 39 58 90 315 314 262 434 134 430 248 65 264 41 390 243 454 276 225 313 209 38 225 120 368 171 125 48 31 346 401 418 372 467 233 357 458 26 386 489 499 368 107 45 90 385 394 335 188 49 359 106 98 379 326 167 120 70 244 287 105 106 138 483 135 152 253 61 372 209 445 87 400 152 4 45 145 212 306 284 
453 199 495 428 391 194 24 165 57 361 142 349 475 207 463 265 364 233 498 487 93 482 393 355 306 231 485 428 29 40 37 9 484 15 31 379 283 246 184 482 70 59 267 227 127 156 79 200 67 112 352 246 49 21 3 98 264 422 292 315 111 99 389 35 25 311 300 280 470 285 254 357 399 280 230 169 205 372 348 203 28 92 398 171 365 146 202 27 134 103 210 82 346 303 12 329 169 77 174 279 
236 6 105 438 256 436 185 215 47 29 480 26 148 273 262 153 56 161 40 459 321 256 259 432 458 279 448 0 51 59 493 243 366 321 463 247 202 307 18 159 459 246 344 366 66 123 266 341 371 318 379 422 272 191 158 22 296 139 355 295 119 143 101 101 303 358 134 13 108 237 318 324 368 91 356 291 235 139 275 175 217 353 8 279 15 322 401 67 403 175 478 103 366 276 345 268 152 158 83 307 
391 439 213 88 435 347 124 8 454 219 85 82 162 218 299 70 355 356 250 76 251 162 180 220 327 5 274 257 212 47 358 103 9 187 66 51 443 16 72 402 31 60 299 319 470 277 12 245 407 137 134 312 240 94 251 349 386 176 476 496 211 266 163 321 4 322 211 374 140 81 243 229 354 459 455 361 102 146 259 389 99 73 325 28 199 143 293 66 168 36 7 44 73 271 53 218 424 53 482 473 
202 171 70 419 124 274 127 245 409 158 271 233 439 136 491 71 151 231 263 125 411 93 159 145 383 3 169 494 199 186 488 55 234 468 105 279 316 2 92 494 475 91 401 179 444 434 107 242 49 195 273 415 134 491 227 140 384 312 308 488 467 59 269 317 267 33 484 19 218 168 166 193 9 407 353 235 209 103 350 437 235 123 55 471 162 206 12 89 52 340 383 413 16 410 405 15 262 410 267 260 
199 395 364 414 414 84 487 86 107 415 401 235 19 51 192 231 101 46 15 343 256 101 397 424 372 277 211 159 105 396 61 29 170 442 208 56 58 16 15 56 125 438 478 313 137 232 354 43 402 384 273 279 291 133 5 14 377 27 473 56 114 197 131 191 319 331 220 239 202 346 464 144 259 340 197 102 251 96 131 360 293 190 297 65 417 151 446 154 450 127 477 496 301 7 129 89 414 485 161 377 
33 129 55 223 49 157 20 291 455 329 468 78 315 305 98 356 19 122 81 117 324 379 284 332 104 232 23 172 36 356 27 135 471 443 325 304 384 222 69 359 1 61 161 0 87 97 423 368 479 160 426 423 238 182 153 403 89 462 169 27 308 264 50 12 25 275 463 308 159 465 9 311 103 142 357 267 237 71 489 306 40 164 313 159 12 232 82 110 356 267 78 187 167 129 1 453 469 329 480 62 
118 384 472 139 139 99 130 230 242 25 52 398 171 410 230 126 47 129 373 340 323 437 312 288 324 167 318 237 474 61 75 35 14 341 94 162 413 443 98 114 85 361 336 199 6 462 248 227 249 233 496 42 412 475 353 373 71 462 475 394 365 339 227 102 214 302 247 420 155 404 306 282 98 346 32 486 372 64 96 275 108 40 457 419 202 65 38 395 280 162 221 213 204 15 109 281 94 490 38 283 
63 425 382 7 158 43 106 58 490 408 318 257 424 379 1 432 434 375 286 445 64 283 468 273 174 389 209 457 75 68 80 104 456 398 341 469 416 350 24 276 310 171 150 498 40 372 339 333 79 289 175 292 382 137 167 178 423 14 403 232 192 194 490 498 119 163 285 487 140 298 223 488 410 475 108 301 112 12 225 165 465 371 131 307 7 137 276 290 28 84 186 310 453 159 81 403 30 44 236 21 
71 447 375 65 330 393 131 308 72 160 73 460 420 437 472 271 485 293 217 26 224 316 176 34 250 87 212 247 28 313 267 441 331 457 155 439 304 250 281 332 201 434 376 44 397 251 96 407 446 451 419 297 444 375 339 157 484 166 206 483 482 459 142 20 287 124 245 300 195 280 432 63 286 360 326 495 311 257 59 277 294 17 278 33 46 335 264 375 366 452 354 87 354 452 405 141 416 4 59 321 
92 205 153 401 231 256 119 453 275 151 467 150 279 269 462 226 320 294 427 451 189 65 257 58 335 177 59 162 208 289 250 241 248 227 291 313 181 276 418 279 255 310 382 368 163 46 374 89 482 294 387 129 484 225 447 189 277 2 390 243 462 235 438 317 344 232 388 212 395 207 392 428 489 92 150 251 17 19 155 162 174 97 362 223 167 217 228 27 461 280 372 25 58 199 283 336 488 51 334 150 
105 132 250 309 69 307 305 454 262 230 181 204 238 374 150 254 162 191 139 377 362 273 298 20 153 135 412 68 214 35 339 318 195 201 362 122 85 245 200 78 93 14 332 304 405 49 172 121 206 328 190 370 116 267 116 111 214 28 191 113 256 414 300 352 290 465 372 394 487 112 74 363 482 307 224 269 372 29 4 125 346 481 427 359 288 457 89 359 21 499 486 60 5 471 168 457 325 236 466 338 
223 131 289 152 250 413 477 236 494 404 270 445 174 260 99 488 173 290 407 463 167 266 402 21 50 366 46 281 317 462 490 261 95 437 287 1 491 164 410 61 91 441 285 199 363 147 226 156 155 360 340 300 19 79 46 131 406 11 425 147 325 423 102 460 177 384 437 303 151 28 420 391 375 196 183 111 92 453 295 91 119 314 281 81 25 320 264 319 481 302 115 484 453 463 156 255 128 343 191 162 
414 269 299 434 255 370 214 82 157 89 300 243 107 408 242 463 446 439 98 36 183 47 310 359 349 27 12 256 109 62 353 53 311 19 147 119 298 145 287 384 95 301 235 349 94 454 354 10 49 447 170 455 45 39 94 53 10 389 268 102 171 309 115 325 418 243 31 434 37 422 394 0 56 360 297 408 245 176 371 389 218 260 30 112 26 16 369 414 439 158 290 415 294 300 288 2 391 467 257 122 
162 49 146 215 435 478 490 474 122 246 395 480 114 322 234 226 318 471 226 1 488 311 148 148 422 199 305 246 395 321 399 452 27 127 45 292 5 127 249 359 480 320 419 233 171 409 76 346 6 309 304 246 18 350 180 204 160 118 450 132 405 263 234 215 216 398 405 368 16 111 284 364 39 270 287 73 176 433 118 43 333 148 168 491 236 417 463 84 271 189 127 370 13 355 310 496 203 128 235 219 
63 138 37 385 144 148 231 267 222 334 394 377 8 130 430 445 358 214 308 275 216 189 360 81 284 219 179 367 126 491 91 28 55 176 189 269 370 27 66 253 147 420 402 202 165 1 126 499 217 279 33 290 149 144 292 24 129 81 324 191 353 417 184 351 442 61 192 424 418 389 498 379 170 99 451 160 102 335 411 178 152 247 420 165 388 263 456 332 4 264 38 125 142 12 348 189 222 497 430 52 
218 168 349 366 251 75 280 383 310 311 259 421 315 86 258 459 177 7 432 348 445 387 314 80 451 138 497 182 471 217 95 71 364 46 296 342 199 421 171 64 210 164 64 34 171 95 107 24 454 14 260 253 497 208 181 224 163 66 204 73 272 319 78 461 376 157 403 342 97 39 334 382 381 8 39 269 494 408 459 202 53 142 28 170 52 242 106 287 323 320 125 283 325 468 276 459 432 79 85 311 
110 399 22 311 367 474 320 215 339 256 114 122 306 462 211 328 44 445 324 483 206 336 72 175 338 465 89 360 178 378 380 296 444 67 223 344 373 106 358 404 103 435 71 211 399 493 407 167 187 33 74 88 444 70 440 414 332 136 385 450 185 297 174 290 353 213 161 271 29 236 495 7 196 109 335 378 254 241 330 194 272 54 65 99 402 390 478 412 405 179 304 34 418 64 280 424 168 67 296 100 
130 304 189 105 373 239 378 98 414 425 317 130 135 460 277 108 370 416 359 416 204 121 185 214 36 122 290 203 230 195 323 167 197 306 21 382 398 383 212 97 424 409 55 66 461 464 158 158 34 448 337 351 146 54 177 78 431 365 219 307 226 296 479 62 148 383 191 232 152 238 317 91 451 113 122 3 405 144 124 354 310 2 20 12 1 437 92 42 84 132 473 323 156 330 164 136 326 425 482 158 
254 492 408 126 127 101 444 80 276 449 166 91 237 311 406 140 44 296 282 8 473 248 2 175 29 392 86 27 39 5 68 66 173 6 439 267 244 421 303 78 84 356 405 254 87 321 377 310 168 254 103 407 8 483 451 269 200 180 421 132 220 180 275 273 419 166 132 304 255 105 133 452 459 439 73 250 24 429 367 43 4 35 110 189 453 326 12 342 301 149 80 406 32 220 480 234 282 498 412 85 
343 329 222 299 341 412 30 280 177 16 498 266 264 123 365 98 107 249 33 81 44 196 212 25 31 311 483 313 166 52 242 250 353 290 444 87 212 13 480 335 65 141 478 12 8 210 198 368 358 136 481 40 418 207 5 495 238 423 400 248 481 18 56 426 19 398 325 459 66 84 22 361 136 347 369 257 269 445 410 288 326 356 178 415 490 207 79 306 64 442 270 449 185 147 20 265 311 479 283 200 
10 64 102 395 339 128 385 80 194 414 304 177 292 259 62 79 104 320 326 474 385 198 219 468 81 23 39 212 357 339 280 1 429 225 326 235 440 459 328 238 476 2 386 336 231 379 462 44 453 198 374 308 6 9 221 266 18 61 289 235 175 40 437 427 286 171 307 433 246 227 384 394 349 157 466 364 279 462 290 193 4 130 86 140 122 174 409 175 351 47 414 325 55 16 261 218 53 69 428 64 
414 342 94 317 363 196 58 379 269 242 345 355 270 466 99 57 125 405 267 434 52 60 294 463 104 261 346 485 283 225 311 229 70 391 385 486 342 265 176 293 192 362 281 461 341 160 17 171 139 166 130 227 369 316 348 456 467 142 402 284 374 238 42 88 497 410 271 486 456 78 72 275 4 485 368 120 355 494 412 120 377 101 456 76 363 291 429 333 375 46 30 8 433 309 214 20 176 187 150 41 
423 214 4 481 285 457 35 79 492 318 395 329 318 338 87 406 137 366 393 449 60 43 182 261 481 468 155 197 282 422 43 318 235 48 462 162 348 69 26 495 10 347 280 253 299 453 488 324 340 483 136 149 147 416 430 482 248 80 233 352 115 300 322 89 230 326 408 291 432 97 472 396 215 361 185 330 386 470 439 72 467 419 254 301 455 433 466 324 345 109 480 437 475 487 15 304 26 391 340 399 
402 33 127 253 186 239 127 60 309 166 412 34 290 14 78 296 464 274 333 274 392 84 467 463 19 332 466 48 282 115 227 239 121 49 93 374 352 195 198 200 224 495 426 3 393 13 214 87 82 139 232 33 54 399 3 431 134 131 174 52 7 6 4 391 345 69 363 281 416 4 421 30 214 130 158 411 369 150 232 77 450 408 411 137 110 16 400 401 136 201 456 450 448 404 149 422 490 430 281 95 
162 310 130 353 291 192 137 329 461 103 441 499 331 410 310 65 80 225 170 188 2 0 320 18 237 445 104 460 473 218 311 351 150 89 319 266 163 51 44 238 385 270 188 376 417 455 453 170 65 152 365 132 135 10 90 209 14 169 50 354 297 238 36 255 253 381 293 352 467 493 114 293 438 493 255 185 133 72 483 211 476 287 4 98 367 354 210 79 464 376 403 280 235 438 430 387 422 95 56 256 
230 53 2 255 226 371 460 229 26 202 129 125 37 188 113 474 495 175 11 359 82 2 351 169 413 323 279 468 386 165 384 109 480 178 215 291 404 140 324 69 109 71 311 183 249 242 182 171 474 67 410 189 212 48 281 442 193 39 296 394 183 200 20 104 101 338 346 478 201 331 139 289 52 53 497 102 423 169 476 394 152 301 248 83 439 380 391 347 95 452 9 164 167 301 481 421 442 180 179 68 
359 346 201 264 457 270 43 5 451 289 226 334 109 401 410 459 194 163 39 119 297 177 101 259 234 238 484 31 278 300 278 148 465 416 6 359 387 28 192 121 1 254 170 208 354 71 443 145 186 162 126 18 445 241 342 458 90 81 15 198 82 278 131 19 384 69 53 229 299 114 42 354 54 316 46 59 18 499 278 110 469 472 56 365 110 426 422 22 257 192 298 176 485 142 309 316 59 237 383 55 
76 32 307 15 169 23 63 384 234 321 162 229 377 288 164 200 489 191 82 46 31 109 295 6 279 136 309 388 478 113 468 309 66 197 288 57 415 291 433 239 257 121 232 251 17 140 96 122 45 480 218 71 54 127 236 259 488 220 175 186 173 291 284 450 278 83 208 71 438 136 104 471 307 467 12 368 346 387 194 488 366 417 77 9 480 177 286 25 261 302 107 71 489 164 79 230 147 1 145 290 
468 103 296 417 32 143 378 107 131 220 75 213 200 378 65 179 308 257 417 384 209 7 157 310 313 224 68 426 37 87 489 121 241 370 428 204 241 382 57 209 148 433 55 166 28 419 132 309 47 194 33 13 373 441 264 312 381 296 204 338 240 353 58 345 71 218 425 485 437 94 167 17 254 113 490 43 489 312 387 269 320 416 346 40 219 393 454 393 170 302 212 21 245 64 286 149 320 188 484 399 
284 480 442 52 383 484 203 331 152 45 94 296 491 415 267 420 109 100 405 8 3 464 281 92 199 466 193 398 428 490 498 415 411 117 203 474 482 102 255 470 244 322 65 77 272 283 178 98 171 316 382 254 16 368 110 386 178 452 153 60 341 134 370 257 337 331 194 82 340 51 211 229 457 64 499 166 420 212 265 41 351 211 268 402 354 204 362 68 223 166 228 10 125 191 271 136 278 436 207 316 
259 88 136 400 143 137 486 259 234 458 149 10 367 168 105 97 276 455 472 58 265 237 264 301 84 368 72 92 147 155 457 61 118 227 301 262 351 91 232 497 327 146 221 288 58 286 479 122 282 473 113 263 432 435 295 124 368 171 418 155 15 463 245 37 377 121 281 388 20 260 30 356 121 158 379 148 497 151 440 474 489 173 193 187 281 322 174 276 175 435 421 374 382 18 259 139 5 219 315 410 
54 126 60 23 86 319 485 458 111 258 46 449 19 73 88 20 295 368 372 265 12 400 465 96 445 459 307 208 317 335 452 410 18 419 353 23 2 214 140 269 328 123 317 90 79 288 481 43 118 263 19 470 164 30 169 418 290 374 281 152 137 386 440 35 439 285 99 55 191 25 216 230 237 174 91 10 146 230 222 299 127 410 325 143 262 497 354 235 8 67 228 322 138 49 299 487 5 387 68 496 
59 306 321 208 316 323 322 264 318 411 465 313 89 197 123 481 446 197 381 193 40 290 282 478 499 439 285 423 296 69 385 325 18 172 262 132 280 198 88 49 162 480 67 176 200 424 133 284 204 198 344 233 296 11 461 485 16 163 353 326 125 122 98 199 326 302 157 453 498 107 119 200 130 75 388 498 85 142 391 63 33 365 75 282 111 450 406 419 494 467 36 169 463 324 302 146 289 246 52 112 
4 110 195 194 415 9 24 147 62 353 125 399 44 392 108 60 249 472 109 423 316 194 262 483 479 166 287 137 254 383 268 108 25 216 254 451 56 391 110 17 114 4 378 83 89 76 49 349 171 459 449 122 374 484 267 289 464 89 119 248 150 157 397 466 253 343 119 226 138 159 179 289 450 296 83 12 369 46 440 146 228 208 392 475 444 77 23 398 478 211 59 233 144 380 195 430 237 468 197 219 
19 354 107 405 372 71 256 26 127 260 323 14 469 232 56 387 43 45 469 147 169 441 219 213 56 428 493 339 256 444 17 3 177 349 202 329 447 462 69 68 151 12 479 499 404 61 146 133 498 60 51 128 454 63 27 491 178 9 56 254 18 373 227 326 60 347 276 49 135 245 46 259 310 460 459 209 171 373 22 130 218 126 215 492 336 149 102 237 419 431 152 294 160 309 363 307 498 151 145 344 
57 181 330 358 479 294 285 241 370 94 91 238 154 347 110 380 319 416 382 67 426 102 89 68 209 286 312 475 333 131 92 250 296 280 186 33 150 105 211 251 27 66 223 152 70 355 192 455 336 330 421 434 196 227 339 243 157 254 48 498 216 254 174 328 96 200 230 326 324 13 498 150 100 416 64 13 6 187 116 442 174 309 164 234 35 108 181 244 193 412 465 219 380 88 415 162 398 347 466 219 
312 5 410 375 436 148 455 332 351 173 8 284 157 483 443 234 29 418 365 251 128 176 312 86 332 228 343 91 301 79 250 32 238 135 179 117 384 286 284 66 0 15 298 254 198 434 369 379 342 126 105 235 274 142 421 492 124 444 221 52 333 466 57 30 38 322 40 129 415 301 363 6 429 439 119 112 440 225 284 484 412 298 158 461 67 390 279 469 156 31 87 396 487 298 253 385 461 282 467 151 
197 347 355 121 427 347 338 141 187 99 306 42 261 336 480 448 140 180 460 152 105 118 407 72 414 42 16 372 30 99 434 482 94 95 242 287 325 129 97 418 172 54 480 148 453 238 30 205 320 24 190 390 190 199 190 51 426 186 451 443 82 190 422 142 131 362 462 19 267 351 3 274 90 497 166 111 362 338 42 67 96 382 282 134 480 335 448 26 264 362 246 460 263 301 343 248 259 250 236 242 
442 336 167 334 261 320 147 307 142 299 214 127 383 162 168 477 282 186 124 285 166 454 208 153 304 477 416 368 127 472 207 251 81 43 170 477 469 399 293 359 60 349 215 232 293 256 435 223 288 477 436 67 195 62 34 162 170 435 99 397 41 64 373 287 496 34 132 376 427 58 322 191 125 84 485 291 98 469 221 11 430 298 138 173 444 466 5 304 215 381 278 452 7 439 80 425 311 128 372 190 
274 33 379 173 424 164 467 432 35 355 352 157 453 306 151 194 99 430 55 230 262 428 418 244 457 259 66 186 159 49 484 140 311 349 388 346 357 117 307 342 231 456 473 351 448 490 435 479 111 166 472 73 19 21 415 170 249 138 149 497 19 353 258 202 300 440 233 361 136 267 187 2 10 222 348 222 283 205 186 363 20 102 130 33 203 363 168 490 405 134 73 391 416 393 295 143 167 227 345 4 
482 306 492 111 357 323 397 9 103 334 335 243 367 383 56 21 73 97 83 415 409 329 400 76 184 387 359 488 264 310 82 275 230 490 378 430 487 409 124 390 398 399 284 306 351 367 129 54 237 397 298 218 135 178 308 399 170 388 254 16 370 274 346 11 493 175 237 242 8 82 152 381 207 251 471 229 332 96 386 323 79 34 458 194 193 156 135 385 99 12 288 68 193 185 234 224 425 282 196 88 
188 157 226 211 375 306 305 212 135 128 143 393 296 76 443 127 314 421 67 161 173 12 236 239 405 257 158 65 497 97 352 300 492 434 442 211 28 311 430 246 475 401 175 272 127 263 101 131 195 380 109 32 475 398 343 418 302 257 149 95 486 473 109 465 116 357 320 391 369 384 493 348 264 405 76 339 125 95 51 304 459 85 224 441 61 88 161 213 413 60 397 13 486 363 303 196 342 390 427 128 
147 472 380 21 379 10 56 78 421 172 383 38 122 376 158 241 372 328 406 59 158 64 404 160 132 282 274 396 456 445 257 248 421 52 477 366 51 103 216 454 155 230 223 446 433 237 77 156 87 128 369 416 151 148 331 283 336 345 366 226 133 382 348 411 63 270 373 167 12 252 240 35 315 265 132 4 30 172 234 353 2 434 276 466 438 336 190 307 394 270 426 369 13 45 433 221 453 303 464 303 
119 241 236 260 398 409 442 139 19 97 269 104 153 224 85 482 490 404 112 260 307 336 271 70 129 458 60 421 88 427 345 374 226 338 360 50 247 358 220 72 396 144 442 358 425 37 65 195 440 344 351 77 459 155 221 24 208 397 433 127 239 251 350 309 280 491 423 392 251 177 40 314 120 198 97 435 246 317 380 391 419 328 241 102 240 206 332 257 175 283 339 168 490 249 313 256 490 364 358 451 
340 492 208 134 43 53 233 99 86 36 38 150 147 280 311 356 124 267 396 46 344 322 187 440 470 426 343 190 426 373 217 299 492 497 269 323 481 259 203 216 499 34 478 41 76 36 369 195 394 249 476 465 497 404 274 282 350 155 248 40 387 310 368 147 263 250 3 198 179 42 211 297 312 215 378 192 87 452 415 419 343 324 338 342 342 95 245 443 150 175 340 61 333 24 139 115 19 377 461 98 
272 116 349 60 433 83 452 182 219 29 496 467 377 337 16 260 477 217 371 274 167 253 434 34 421 5 369 465 138 369 397 157 360 371 329 330 315 474 349 456 208 53 354 419 414 390 282 364 236 36 307 340 472 259 316 227 430 230 359 94 343 13 333 224 240 453 482 70 185 56 488 177 451 190 275 496 450 492 414 286 343 270 24 40 21 196 40 467 408 392 225 313 171 467 30 249 330 185 457 384 
388 366 63 302 75 122 204 362 256 179 155 485 484 386 419 219 475 328 399 338 492 397 203 336 397 450 252 168 17 106 327 358 274 198 464 274 64 483 205 284 452 124 484 105 205 264 472 325 144 323 385 450 317 335 149 19 181 282 463 172 146 474 281 105 241 22 320 134 367 351 425 170 434 25 154 423 85 0 283 249 315 376 297 432 411 45 306 91 423 115 434 478 155 260 330 224 301 332 299 374 
395 292 438 374 411 488 153 399 61 442 72 255 153 54 136 211 267 46 4 492 140 433 103 130 247 384 405 181 204 494 269 277 416 49 94 350 134 375 205 52 264 118 178 17 300 250 407 161 0 76 225 229 355 52 212 391 19 482 253 84 52 202 102 187 199 118 206 230 435 224 269 195 254 4 330 113 11 461 348 290 458 354 38 290 137 156 474 49 493 174 47 218 221 450 405 170 403 406 402 55 
